100	2	10	1	3.487833094137272	3.2577417424998907	3.8902831135956975	-5.198436929062811	0.06085848251113789	0.01943245893789781	0.40432405724032827	0.3934917911129882	1.4690998803426597e-05	
100	2	10	3	3.4242876508749305	3.4775458846479883	3.73259714094883	-6.0139459698425135	0.05097382946222383	0.08241951958168163	0.22411036072799495	0.6720633456307413	0.0001017313968527766	
100	1	50	3	3.6033791347127995	4.150548973666094	3.4979413232187855	-5.667151411961737	0.08754175800067406	0.05123651684813535	0.2634869432483704	1.277447962841094	0.0004747537456794297	
100	1	50	2	3.9912210186466104	4.031501487153861	3.3901759353880894	-4.423906106002087	0.24357164299395442	0.041590835428561186	0.2215379717281513	1.2484723497227583	0.00014365631451571508	
100	1	70	5	4.555512284392856	3.2833983524498036	3.7103070023559286	-5.553848565711557	0.14506027540175115	0.4256146155394144	0.3587282145150498	0.8678783392914163	0.0005721079021867028	
100	2	10	2	3.7073152716966	3.138725567078253	3.906444704844382	-4.531269623015591	0.043983928495314226	0.030457368506389026	0.48250658903661947	0.12520370233103081	2.5593675252817363e-05	
100	3	10	1	3.3039449052046312	3.2273842978909135	3.0586444903742804	-5.522719969042317	0.0414357825825226	0.03704214692292848	0.11039101199077897	0.4093678010549867	1.7605978831667712e-05	
100	2	30	5	3.8988920212311724	3.62546753506303	3.394929859386755	-5.248347537856603	0.07403452154006997	0.1175022822834585	0.2208498079929705	0.7635512851998627	0.0007902248431331198	
100	3	30	2	3.512829644388713	3.7287801302599592	4.161793803360089	-4.3717451457154795	0.11734564071571285	0.17517847351615476	0.31358228608137867	0.4838586119345392	0.00039285660682467386	
100	3	30	5	4.055071834346257	3.5501510604637443	3.8764181490541714	-5.351762733569509	0.008299999033325647	0.1204308308132774	0.29033990153322414	0.6535219311561484	3.957564147145832e-05	
100	3	0	1	4.603321645846515	4.510797075311094	2.203099483116203	-5.219013581530124	0.11562731161204376	0.10994284693479517	0.259990859411812	1.620530059604227	0.00017067843285839884	
100	3	30	3	3.5957161828156674	3.9492964222308515	3.8615627937147448	-5.6110908086260105	0.17082721272572934	0.03786265371618941	0.17247389796742715	0.4398406812169995	1.82638855179422e-05	
100	3	70	3	3.4445632029350453	4.125550127498797	2.884596576021773	-4.781123469967647	0.21775064045097253	0.042891766318316094	1.1844656918976917	1.2324667182237325	0.00014139305074007384	
100	2	10	4	3.3840183156788317	3.5882907755666005	3.3751479853773465	-6.205192267648652	0.0066389128955913765	0.010379275066831808	0.0320247153610743	0.5375356706714431	2.0092416839819655e-07	
100	2	30	3	4.001913293421287	3.6217181691419396	3.7271841102808576	-4.709885178034655	0.07928700047464034	0.19387214729425928	0.29388985847151644	0.5860584142179325	0.0003596358849055757	
100	3	10	3	3.727284145692357	3.164687291067685	3.7091230921473257	-5.288413565667065	0.13788364828504376	0.028456763119207702	0.12325333523611799	0.4651973216039577	4.20694981960667e-05	
100	2	50	3	4.149237091649483	3.9490973237633837	3.934532499263902	-5.344135685520485	0.1920831376266393	0.12353489839956824	0.3288178319394927	1.0212128691241777	0.0005553294102455088	
100	1	50	1	4.012224000226301	4.007248119175393	3.418664603655012	-5.615116423622548	0.3635748014376902	0.024568621254155112	0.3493592229812736	0.8466389943486237	9.514278620602989e-05	
100	4	10	5	3.6633911368563092	3.367331473865639	3.6232442885065312	-5.7162217639283135	0.05417473026728134	0.026402157771097026	0.111493994113761	0.715952466875367	8.590141895203001e-06	
100	5	10	1	3.116730446657276	3.7261294007400343	3.88658460192842	-5.110299312186636	0.010803877562540995	0.072634902995701	0.3476314326216685	0.660551318324371	1.897664252807584e-05	
100	4	10	4	3.5802332988399055	3.3267823359912443	3.405340499893806	-5.102345208138551	0.011841246622963935	0.020264868781621516	0.2275476708429584	0.4718736526895265	2.491286198778739e-06	
100	3	70	4	3.6828832472662922	4.046259298313713	3.6026141837961294	-5.015456609479946	0.11885063093827991	0.007575828882322576	0.3221024659728671	2.1178574241128882	3.122165214790396e-05	
100	3	10	4	3.3004843475213215	3.418736993769804	2.9934010373361324	-6.055379516535561	0.07717634885765116	0.04614049686495401	0.18791441012170998	1.0146567090100467	6.491113466839872e-05	
100	5	30	5	3.6582207812855456	3.7579821835387905	3.9423859381209123	-5.268996032310905	0.07131401959286265	0.12007002805522923	0.3206252417115365	0.9842495685841349	0.0004725654779606066	
100	4	10	3	3.3457564716884485	3.7077845718746913	3.5010543636592915	-5.119791043594951	0.04986409243108319	0.015794104325818507	0.2918003601988959	0.05616509495259435	1.8627155002521512e-06	
100	5	30	1	3.766881563298141	3.7553112728128655	3.3291259044380164	-5.164359025249243	0.06047771447582622	0.17940651958036283	0.5580227210760569	0.9529897260516251	0.0003882500750776657	
100	5	0	1	4.690051817489665	4.615786277839354	2.16573215488299	-4.275409414934864	0.16795912378599243	0.19483175099458708	0.185882408069229	0.6713003081970311	0.00036023551926342803	
100	4	70	3	3.841645727406043	4.024953380607853	3.321855593337615	-4.445007609904962	0.22490353047143222	0.019799708219452008	0.3828131816820031	0.32507407221747087	6.693250057562377e-05	
100	4	30	3	3.7407332385590806	3.4085066721386217	3.73521940527092	-3.781670346504528	0.06041094777377236	0.06828940858058428	0.6842124083820205	0.8113640790353976	0.0004488158772445569	
100	2	70	4	4.381425679625254	3.6692878721552264	3.1543116763027648	-5.125144316212286	0.062026342490262024	0.11126771404950501	0.9836587701100504	0.9996727205782795	0.005112687122285858	
100	2	90	3	4.234517511624537	3.7016428506441392	2.9085655338885306	-5.51441664239063	0.020407386429110105	0.2619910951607042	0.6811850694734757	2.094223045935484	0.0005387925211115847	
100	1	30	5	3.6470432720160044	3.8066067190536534	3.984441770376605	-4.083334057034008	0.06211848472164884	0.022023139872647885	0.917800593905658	0.7223357266442069	0.00022022430309382368	
100	4	50	4	4.013848952140449	3.57224761367425	3.8102958564020932	-4.944868638755509	0.08273077741603699	0.1782847594499154	0.5109630747646221	0.9872634569759792	0.0014511722171889365	
100	2	10	5	3.3355322675932264	3.6299223681880637	3.8457328672538873	-5.458229610582336	0.03234608629697473	0.0380421833777527	0.09626568937570759	1.050715315188057	5.629390540391819e-06	
100	5	30	3	3.703121709262158	3.8195724005575755	4.102830875854853	-4.515247319041255	0.11036366156629389	0.07303075011316619	0.400600311080163	0.20445796773784083	0.00015832373715430053	
100	3	10	5	3.4983057444404086	3.1351532587045927	3.624357138077024	-4.899131263926582	0.006324680323459334	0.009264170461848614	0.32262258483469586	0.6754645895122644	7.47652772418286e-06	
100	3	50	4	3.9059030361728233	3.9239285735132996	3.5648080804264684	-5.169839979417589	0.040313872863680884	0.115237969508091	0.17488721879443597	0.8595454065792258	0.00042033895115231893	
100	1	50	4	3.952801987035587	4.088161717757451	3.5994976733333575	-5.030472612346668	0.06727657986766931	0.061460807923959644	0.06887153002300167	1.531833373883941	3.836003741661159e-05	
100	5	10	5	3.546461880423977	3.3616043459415668	3.508518675104626	-5.045428509382334	0.110503072078828	0.06789124613538806	0.11161289505757004	0.21241491910882349	9.140435450513007e-07	
100	1	70	1	3.61997067738084	4.232375417282856	3.6297310041859814	-5.03843259336179	0.03413812449253246	0.16174158389229787	0.5589006028827084	0.6668626883154896	0.00022409409732482443	
100	5	10	3	3.3408790778971182	3.486902506358632	3.9515996411588943	-5.504435996844372	0.04680192082288872	0.03911136267838277	0.12030839513408297	0.7124557004522954	1.455028991877144e-05	
100	4	90	5	4.241011596077616	3.493560647138201	4.028208048242391	-4.758823512969353	0.1115404215691805	0.26752050729710036	0.5541660185436154	1.3276973445438802	0.0011550102342705285	
100	4	10	1	3.085493067442934	3.091848639056644	4.583645229223673	-4.577557866622285	0.14669794461998353	0.10253964199296384	0.49070817901133423	0.8276063376921781	2.371605055669231e-05	
100	4	30	4	3.865308884327301	3.6032036980123423	3.432414433493892	-4.219868432187375	0.10015212325700149	0.13584201334126172	0.20117897438195328	0.23037391384011197	9.430328360866017e-05	
10	2	10	5	4.338051695879242	4.192141239601221	3.2432522441804754	-5.843782247517242	0.1159644961050352	0.3559239996991417	2.389378391790056	0.9887204354162504	0.007488349478108655	
100	3	90	3	3.9503762944137883	4.25928232231631	3.5078941606475635	-5.283934996670762	0.02243513414553366	0.006652992442987114	1.146757087760816	2.3251036313411	3.183390755117989e-05	
10	1	50	5	4.517836522469814	5.29707875247389	4.160188800280567	-5.897631262994839	0.10152368017989677	0.06529335453546756	0.3262520124189322	0.41090985592736423	0.0001247049692896646	
10	1	30	1	4.700362665973966	4.822523460786163	4.58557025933416	-6.131305895705082	0.03979669770349658	0.05497090639840989	0.11538719720810973	0.5707967068536589	4.2578509614244255e-05	
10	1	10	5	4.580090815839706	4.051451224954407	4.538772464913759	-5.588741550394185	0.024983736132822686	0.2334596299348076	0.23941941000319006	0.31045634607187284	5.336743147405537e-05	
100	1	70	2	4.023540880090197	4.162023199034624	3.6894543658477152	-5.470228189739975	0.06203341646208226	0.042344620644582213	0.18336418542785982	0.7924901200254605	9.256410756789919e-05	
10	1	90	4	4.607966845455689	4.906752629107462	4.135546667037675	-5.45488936155147	0.327082142743945	0.0722383627254978	0.6448698046862766	0.8624310569277052	0.0015085851523666842	
100	2	50	4	4.198852324456795	3.446496805964159	2.445096229700361	-3.8562352347779205	0.04083756573375263	0.22426196009681929	1.5837531954896544	0.1728762270827626	0.00023057129879159671	
10	3	10	3	3.7614953303976404	4.3250636951981996	3.7548852200504053	-5.454813756641836	0.13119061826833125	0.010653016081944553	0.8500168792121121	1.1855945978773434	2.8357869473435297e-05	
100	3	70	2	3.512838341305501	4.195840070700682	2.6245264523942358	-4.596153715568908	0.02528422509281506	0.019725943188372563	1.3625513871679986	0.73700162648312	1.7664335210192105e-05	
100	4	30	1	3.5118600151282333	3.650418610765821	3.7295213055249885	-4.993638433519232	0.14954649172039922	0.10271277906154401	0.47679993484832595	1.2025211992221547	0.0008986404957190214	
100	5	10	2	3.3179536954911444	3.5967768938054614	3.5691874876483642	-5.084977181458163	0.01425573436157007	0.11232596263015397	0.2661897481502605	1.9151044144777984	0.00011969808446452642	
10	2	50	1	5.0876422110385935	4.363969787317698	2.4540179066195154	-5.332497455012474	0.3256990124593932	0.32061537384458005	0.5867815469328234	1.4237499268007758	0.004773088600491705	
10	2	30	2	4.256327459054692	5.006404309976708	2.077185809788854	-4.833220728469991	0.3236118328734338	0.0859831125123196	0.3588886087897209	0.9242425490650068	0.000541009349513006	
100	5	90	1	3.673984079699876	4.260634344510306	3.83091266850161	-5.3764263115065924	0.11833000533717948	0.036273848994793946	0.6666205791239322	1.131607668225312	0.0007325557956205551	
10	1	90	5	4.022075375548861	5.019345446010663	3.255148000195188	-4.870472817804633	0.29268135355541397	0.02264961213433581	2.2232912644163467	0.5782154219625626	0.00010205238232975793	
10	4	50	5	4.683301365660449	4.669235684965689	2.8881656737385026	-4.7251987621676195	0.23036609184518922	0.5550352722401175	0.40605687981809296	0.37247783298867687	0.0009278529521116009	
10	3	50	5	4.696708956278136	4.3712709836863874	2.2616922018982124	-5.530712196566149	0.10541258670234946	0.12709996527619277	0.4228019700046128	1.0911036534283816	0.0004465672868123674	
10	3	10	2	4.1475143321614105	4.421385164183086	4.417043820063124	-4.829895203225557	0.04237670286286212	0.024879412820985134	0.2344182818462504	1.4624329049655282	8.464744800281698e-05	
10	4	70	5	4.660137090182561	3.9009686754717494	1.8795065099815857	-4.522773173315928	0.1264420298977934	0.8884731626243193	0.16469840445401437	0.8465822903044041	0.00405568336570556	
10	2	70	5	4.93390976979059	4.819135515490785	1.5663901925044494	-5.689324038362137	0.5104808075602311	0.1408307617895396	0.6806477235259437	0.9681892946714102	0.0003265449410644612	
10	1	70	3	4.3555665325980435	5.199465647490179	3.657530244287091	-5.6007935601053145	0.1434052813124964	0.055768023831529935	0.735792832703144	0.985243814033601	0.0002324168543075873	
10	2	50	2	4.866502913812665	4.835859832191172	2.6483452568508046	-5.223355316858546	0.09851374181636731	0.12093572365815176	0.9089591975197165	2.0981435040985996	0.001895439499137946	
10	5	10	1	4.551474528143845	3.7570048350279026	4.267345459323772	-5.856799145558003	0.04252254676357597	0.13185754519943219	0.1488488652280553	0.2486418634256124	2.0251235336093315e-05	
100	5	30	2	3.382128540564565	3.9468260456509556	3.6063710453960605	-4.995095155620304	0.4217144985661737	0.06860124632368178	0.3277028971367402	0.108713496591954	7.607795126517565e-05	
100	2	50	2	4.17867869601823	3.7047293039960336	3.846039471092489	-5.463348509050585	0.03259903099574137	0.16095590495772286	0.043828760722996664	0.20900930952346325	1.0268800894891282e-05	
10	5	30	2	4.835406470716243	4.429597077807514	3.8057070166737677	-5.658401288731841	0.019014182580235097	0.17060853430890932	0.9089220286868941	0.4799842274757103	0.0003522635748412862	
100	2	30	4	3.8798702109487686	3.524824514042974	3.5692505261395664	-6.066795009409553	0.06953188146105146	0.09588083709180674	0.31348745386185356	1.3272835074104978	0.00012413639143402195	
10	5	50	2	4.575125002710954	4.831457613940697	2.8334237084482754	-5.36596594113833	0.06305465163628618	0.0978649745916277	1.0813305413563825	0.4367652536324547	0.00045466930142848747	
10	2	50	5	4.895392045753043	4.8476881307095905	1.808119245700409	-4.061134792872429	0.06542600545753377	0.4574306888021194	0.1448539137738565	1.6224050603812077	8.833689753386456e-05	
10	3	10	5	3.8912134181960223	4.225267956050883	4.344700861860447	-5.1163857577032275	0.38444143674363407	0.08451678207944453	0.20000018614938475	0.2709241407864866	2.908753193855484e-05	
100	2	30	1	3.88599294882725	3.530690103543851	3.4230743477855565	-5.079513209411988	0.02150977185248845	0.051253116916381826	0.11701023214635362	0.5752212159819697	1.0655693724118691e-05	
10	3	90	2	4.553233610239107	4.662792772178474	1.870115502757401	-6.274090587276487	0.1111009800091484	0.6551596319150312	0.32284042968396887	2.5711272594942356	0.0009021406186149289	
100	5	90	2	3.8008696945879055	4.088188793995945	4.3345415980435344	-4.207123375720345	0.13832133907495955	0.05337404572272601	0.28764569892821973	0.3385918802480909	0.00011235952733964543	
10	4	10	1	4.267821024838999	4.606214735599446	3.5228467583935936	-4.502702052898893	0.005533460730022397	0.05869194362455334	0.40684416098748705	0.45170800415206364	4.974709701990368e-06	
200	1	10	5	3.211725941617822	3.298079463908291	3.1962266764994745	-6.162090664895558	0.004689359426438635	0.05800291877715429	0.8729995347472088	0.33346218609738737	5.181523402183128e-06	
10	5	90	4	5.102546774511755	4.4986426395269685	2.8509422152441224	-4.659541523077713	0.01624567558371053	0.19615736112905263	1.777667832799218	0.6600444116300647	0.0019810977330938047	
10	1	10	4	4.740327772513034	4.000741637342134	4.322816307065735	-6.594872726965562	0.03163493472054401	0.2536106187912002	0.15774133319835182	0.2847963228167072	8.149759090560301e-05	
100	4	50	3	3.9775840772748543	3.8069576518250634	3.643824856133685	-4.74209519570465	0.018945990132682226	0.019204164004059332	0.19437794026285818	2.519701576533648	0.00011450099239305088	
200	1	10	2	3.24442928492264	3.4066203425456045	3.556050271048565	-5.974887381755974	0.07561255997075554	0.019099415119070786	0.3685474848054916	1.2085512675047883	2.0869276086469244e-05	
100	5	50	3	3.886156623051346	4.140030476723268	4.023807367825928	-5.494150376230596	0.1564219887947969	0.04131581777935279	0.20402376023338809	0.8365603912934766	0.00010494048447471333	
10	4	10	4	4.263517964295929	4.253234424920349	3.939847338995672	-5.413453009464189	0.022215682595587784	0.024595068704581256	0.16627893871694127	0.3882974473056553	9.447674547634015e-06	
100	5	70	4	4.184027374984248	3.813468006703237	3.8298704817795564	-5.4204275597589735	0.06031714316460473	0.14315044139325167	0.6672528742393766	1.4769207131450224	0.005467923079798192	
100	3	10	2	3.356455595603357	3.459068798135547	3.8274485874570834	-4.752398105696889	0.0157892189967513	0.009895714137436293	0.17313365240530604	0.11568400248470011	1.7755743294966484e-06	
100	4	90	3	4.175628092656922	4.014565938565614	3.7943061807107448	-4.908215889902814	0.012040612960783702	0.10678203953133003	0.5108330803647928	1.0811212640130707	0.00017120254508212808	
10	1	10	1	4.648479359767881	4.474989254796381	4.184044963893766	-5.691347767269621	0.01796090199163978	0.07185567975562428	0.24428111323322493	0.2490808046605968	4.901108105041893e-06	
100	5	90	3	3.868256900548978	4.253957550616955	4.221785569435858	-4.436977648852174	0.1655861517561143	0.01987954973698286	0.23323254642323576	0.744718171760354	0.00013585802784498057	
10	1	70	5	4.512107012319532	4.972518510481725	4.32717032741095	-6.07855609611632	0.07943295540315991	0.060342386755436454	0.39824330944573416	0.2938518547973962	7.1477238908673256e-06	
100	3	30	4	3.5090460110677126	3.899710316867642	4.184696676884749	-4.843634421215827	0.0800190300021367	0.03259824876162466	0.34146486398538495	0.5631189299453689	0.0001301722935037615	
10	1	70	1	4.168492069193787	4.906665155005797	2.937550622805574	-5.948094651332002	0.28196292444622906	0.030627639364231057	1.1602841228800318	1.4178675064125048	0.0029329775791827953	
100	3	50	2	3.401918824120884	4.097659465063179	3.0290118704868783	-5.56094441634599	0.07669182125283346	0.02270860912080871	0.22172365825390816	0.5777451863707229	1.3520797125639375e-05	
10	5	90	3	4.991357591415723	3.7698124595568037	2.284022055863441	-5.4809308976966555	0.023150060623550496	0.42968203638018815	0.4255008333564682	1.06219677918704	0.00017446815361411356	
10	1	50	2	4.76397724790385	4.9667861256742984	4.544335298493328	-6.277376721939023	0.053969328061206294	0.020145095338177463	0.09104154631372548	0.3598836985305144	4.06240105657211e-06	
10	2	90	2	4.751867633267455	4.629910505757982	1.9229208379803406	-4.943625916357528	0.2985663438459622	0.24952379549144038	0.1030386553938041	1.3691381323481748	0.00040789360774426257	
10	3	50	3	4.126993109845531	4.8659660135425655	1.7898956373363841	-4.497865516092444	0.48521558867306724	0.10157985838164223	0.3526505151465934	1.4642741110353616	0.007938870859903613	
10	1	10	3	4.698306713290869	4.112704037736668	4.304028468433702	-6.070756108679722	0.03083918247002411	0.06340841365201726	0.0577384803263065	0.33680157225760304	1.5217070822568749e-05	
100	5	90	5	4.184757855931401	4.182892903311395	3.6510822360964448	-4.985285996830593	0.01759259584298991	0.05545151687740225	0.6929073786685611	0.6911226073518962	8.975752717872709e-05	
10	1	70	4	4.511046972767531	4.974753306794891	4.299265005935323	-5.246259754615715	0.14656470683316628	0.0037273190497026285	0.3460353961458226	0.11186789037049404	8.219834708410325e-07	
10	2	50	4	4.197801641749429	5.059684810459133	2.0478189844041585	-5.040049013613381	0.2573292322617203	0.02217243363287588	0.43463740830153585	1.5824540396705116	9.525881806629465e-05	
200	1	30	3	3.2840805066514402	3.5773425133340293	3.252382571895084	-4.623930148060881	0.0778605919189381	0.06706123559250286	0.17138126189118574	0.638561532447923	2.2893134040185492e-05	
200	1	10	1	3.1615949406221593	3.3252341667366596	3.37338192811249	-5.061834132829579	0.005478044990451076	0.03634462605330187	0.27268823750601456	0.8385533329507598	1.1644998268898265e-05	
200	2	10	3	3.2366976443715285	3.495410472709224	3.320904948903793	-5.432488488932548	0.03748562814340927	0.04420168147209516	0.1627304056418683	1.4041554837732533	3.115216670749002e-05	
100	4	30	2	3.814283029160038	3.7049344185509896	3.740387678791376	-5.219708075310806	0.030469152292293848	0.08076411239182926	0.09747723121012687	1.094101114876638	0.00010496961835989866	
200	2	30	4	3.349802389608056	3.5148557202387716	3.1959508518661943	-5.29468355819828	0.03367525761241266	0.09179663808503788	0.29206599400513633	0.83705020862683	5.764559724617077e-05	
200	2	70	5	4.128375371156761	3.392321877040332	3.317497866499491	-4.396506087910265	0.019875129884602338	0.055995098837200545	0.7511497829010281	1.8245149803425587	0.0002932725998472916	
10	2	30	4	5.05465474595607	4.3703805530513335	2.1833900833317643	-5.325470363558379	0.007669440268452554	0.4217256061497977	0.6251502966035446	1.0992765234020383	8.850929612452794e-05	
200	1	10	3	3.310161553430465	3.224699110527083	3.7064628616822017	-5.795622028710107	0.01730395654133459	0.008903238030316979	0.07929035410883956	1.037800983589738	8.288341884589218e-06	
200	3	10	3	3.157412609032137	3.294887908481261	3.5193306124630257	-4.090912859046204	0.010976530269880679	0.014067143829290972	0.6845777453366827	0.3339191002559762	4.930003341881351e-06	
200	1	10	4	3.342626841243629	3.4357874126894394	3.613348919397888	-5.580255404079073	0.027660334688435404	0.042061369942992484	0.5030971210829887	1.0615322623554693	1.8826372505075338e-05	
200	2	10	5	3.560580879775439	3.4111133086253136	3.1915211278007103	-4.202784297866601	0.05913254312062921	0.04168672826207065	0.22614344010627083	0.8657812604206822	1.1924694758505072e-05	
200	1	70	3	3.9630336239664703	3.5652455352620525	3.972880583131163	-5.079218509233602	0.0737127670171067	0.14191792611405107	0.4380686413764135	0.4793150789608265	0.0002711988866064692	
10	2	10	1	4.467074298862904	4.603232345113132	4.609479405191464	-6.1550727433208285	0.04209041096537318	0.032487540261740125	0.07084192884265689	0.6359366205803543	6.018110269152875e-06	
200	3	70	1	4.027900183602095	3.811361692493838	3.807700022511923	-5.377987046633678	0.1028795425858458	0.0673628025239949	0.9263213492735167	1.3296178381480337	0.00046924806908192255	
200	2	10	4	3.2120447676662667	3.365535005621	3.9563483498622287	-4.8668629662986005	0.012701856964574433	0.02278049974534233	0.32706951235193527	0.15511891894695035	2.0967000868792743e-06	
10	3	70	1	4.719257169251019	4.441484514748493	1.658110074840052	-5.652483704167409	0.07963061699755315	0.2354387828426996	0.2577539387495187	0.5991445544509008	0.000525192660103535	
100	4	70	4	3.9224290610685797	3.618547029371586	2.8713463418580005	-5.217818604959882	0.048276136306316005	0.16935477650344377	0.4760698443737648	1.500097147543411	0.0007143237264978601	
200	3	50	5	3.3945469442734977	3.7643570146753587	3.236479191845616	-5.872140517302235	0.14383397859381544	0.1338301003147193	0.7599369884676765	1.0486317027355483	0.0002421744635747941	
100	1	90	3	4.152659393203878	4.100896219729265	4.028116133792265	-4.730216999460289	0.02377613049496863	0.03714005932983635	0.07253929216727618	0.2659244092170515	4.8489656827520385e-06	
100	5	70	3	4.007973352689309	4.055181730418692	3.5840539239237206	-5.16324015114506	0.10704586375413563	0.09031525176498437	0.5371615760265251	1.2877810599618866	0.000308154787018949	
200	2	50	3	3.9391654696418885	3.760636095502443	3.8353655316758855	-3.9614707919005507	0.06838217534472749	0.09094811466241384	0.2911347773390424	1.5338496703547582	0.000557829559807966	
200	2	90	5	4.044119788652018	3.592982000238001	3.9313586410672166	-5.236445736211373	0.15120642367793505	0.2898008560954289	0.29188939104239037	2.140234763901667	0.00018784524842931796	
200	1	90	2	3.9049576078125345	3.8722901134117214	2.9666220325309487	-5.1548892584484225	0.17782214820451195	0.16090541652923274	0.329149625499663	1.753371257133973	0.0005289340419774412	
200	3	10	4	3.286547884834602	3.3075093222634884	3.2159427822462234	-5.835856671635436	0.04708799881095252	0.011172676874988149	0.13355796665084996	0.886596409734333	1.0091486629176065e-05	
200	3	70	4	4.272378296375074	3.520704779928851	3.9854732454052018	-5.056549937170409	0.09377807241253548	0.07829791474428895	0.4505880430255937	0.5275455680834474	0.00012748295321447084	
200	3	10	2	3.2795752914463923	3.26720526265588	2.908779783983688	-5.879486946634849	0.061915814756246905	0.021206733990847198	0.1901316351874168	0.9589293603374194	4.705313461982383e-05	
10	4	10	3	4.148080943032903	4.270886672125621	3.7878439471768512	-5.811037550431302	0.016607474044895015	0.062420815266832186	0.35054413483986213	0.5359880357841819	3.1898579205129115e-05	
200	3	30	2	3.806384304654536	3.3119410910998535	3.21813789968356	-4.525077198755472	0.009816006449706987	0.06987400156679917	0.18091920433924297	0.6633638786636012	2.4944399118997336e-05	
200	4	10	1	3.5440566374038127	3.3804260703794715	3.6832870376087046	-4.9227798380703085	0.022941283372340304	0.06825959205562564	0.14824633568673182	0.4321113306546398	4.5047516252301546e-05	
10	3	30	3	4.086423454879056	4.704970645532471	2.2109417915668494	-4.9878895518749315	0.45908879780168194	0.048929317490515156	0.6781503629959253	0.8664733205386707	0.0005139278660021181	
200	3	30	1	3.7705467176458876	3.2994666409798583	3.708042379845899	-6.008607931197799	0.013543428981761443	0.020565288397928892	0.2941791765504629	1.5351960477063358	6.122919909904759e-06	
10	5	10	3	4.448694674099725	4.176319013745585	4.080271695308025	-6.271498688403153	0.012038350876928143	0.04967243944692736	0.05519285246799765	0.14109887347184055	6.947578934563941e-07	
200	1	30	2	3.4244729807731433	3.3458972036088865	3.3673176533299722	-4.0182830535710234	0.07641083235759712	0.07980620237787837	0.34243999781838336	0.4955555584746918	3.919081584200676e-06	
200	2	30	1	3.3949725630860206	3.792921248670502	3.980580470570859	-4.196878112230534	0.019797475937981205	0.04976937004565136	0.7983513075414446	0.29444354395728306	9.26408102328234e-05	
200	3	10	1	3.420969236757779	3.2905913760291385	3.410267117657387	-5.101313426593907	0.002957300138832087	0.027842716364079957	0.5481159630343968	0.916717805199438	1.503047948972249e-05	
200	4	10	5	3.2764297896515884	3.2974805367090716	3.5313754319538497	-4.297269160770189	0.03166804121928335	0.018360059779283823	0.1554562206082073	0.29781126190418755	8.14822594255592e-06	
100	1	70	3	3.879313229164643	4.118210788578166	3.7177744716988097	-5.841911582152656	0.07541268524429438	0.04754089281731522	0.3085778527702929	0.37036928373147837	3.11593462825663e-05	
200	2	70	4	3.929978521234555	3.6705693419193386	3.6874941010147593	-5.252786740471767	0.10832225765760287	0.12864374037481444	0.174141540962003	0.3445203920598336	0.00016503108197910864	
100	5	90	4	3.8605575175788966	4.2074919026616975	2.8651730498334067	-4.725046040301117	0.13025979234165438	0.042717273011211046	2.506352624736569	0.40244387996347647	0.000177341493378829	
200	3	10	5	3.4164222357533585	3.3459835358696575	3.3405706039293057	-5.512283530233128	0.08066761352653141	0.04926173789140383	0.15081490696902486	0.833271397699862	2.633094381715293e-05	
200	5	10	2	3.153585097327447	3.216433574109288	3.3893369890672154	-4.203602835483931	0.026092428004452925	0.024392246146293258	0.3676361605815809	0.7823165974900006	8.093410644883885e-05	
200	4	30	2	3.7836057134402483	3.6754379745929646	2.8763583929109937	-5.124206615610546	0.02204234706147552	0.026096000280595655	0.04212413518335928	1.2133475945587995	1.6232559886079424e-06	
200	4	10	3	3.424823089624745	3.556792173659003	3.6938218644128633	-4.731375248077898	0.07566363770186524	0.13335477894821454	0.23353677243383922	0.5659144454868315	3.301764426288992e-05	
10	2	30	5	4.7834112206023836	4.921328507931618	2.55179406614721	-5.118286255279898	0.09653982798835196	0.05377007118301665	0.6226363656535897	1.6885621549990204	0.0004811446592361824	
200	1	30	4	3.4436021322605797	3.470371589267592	3.3948797693830706	-5.43655430249822	0.03993967991442853	0.024648128640680764	0.17990351990557407	1.4595745388381824	0.00010074755430010425	
200	5	10	1	3.2609478615272125	3.1875558499887955	3.3004780213731224	-4.771475152894926	0.011934426475133385	0.029415708304164036	0.21101682352175205	1.5195495025700316	3.6369584826942236e-06	
10	5	90	2	5.020991944685855	4.718624638357008	3.4505040656362835	-3.9080890553447976	0.040464412384169	0.044174070683406196	0.8722408126639544	2.031813783264755	0.0008661635227665193	
200	4	90	5	3.8574080614823725	3.991947321244923	4.061577171113849	-5.844574487831956	0.06371383308095457	0.12455575707686108	0.3453647811743408	1.446253464991861	0.00016048981193867904	
200	5	50	5	3.422839609848318	3.887198613896331	3.967347163956351	-5.4856923375493425	0.0900568006181555	0.054152103706442835	0.07144339419413204	1.3551892147363147	0.00012994307137167158	
100	4	90	4	4.079012406086599	3.9538196055453105	2.959257813403521	-4.684465843867958	0.09551894430875434	0.09947709353705464	0.6936027182569042	0.616022251432617	0.00012461248640153647	
200	1	70	2	3.7849445859697295	3.7439372354481613	4.318347356665767	-4.445800753716281	0.14215492496225218	0.18138308578629936	0.24890733043045937	0.7568128397495363	0.0007884684967291045	
200	5	50	3	3.3343655946199213	3.946277907846989	4.163004229302384	-5.191445560196207	0.02647490952817261	0.022064506407414555	0.26368039732479515	1.0043056657340812	5.828517833704097e-05	
200	4	10	4	3.362412381984279	3.7330565978408226	3.7667626070597287	-4.149030555914801	0.029379214734871328	0.018128427028942778	0.9003764028786313	0.2729524231600286	3.7871768700919332e-06	
200	5	70	5	3.4742201940240487	3.9170408033578368	3.3072901466247173	-4.959056626951724	0.09269962195254706	0.022396983155570496	0.26346594859875483	0.7515555424096464	0.00013974132244519202	
10	2	30	1	4.615261604583626	4.848785117162064	3.028934574468781	-3.826692521470273	0.06628109105312564	0.1942414845581245	1.0908145519406298	0.45412914726252746	8.092127214590444e-05	
200	4	0	1	4.2612983820925505	5.123992630958553	1.9799881742248187	-4.195425548994403	0.2880484075312465	0.018660531509755517	0.12887585243659458	0.260342698342382	2.185116003617998e-05	
10	3	90	3	4.294956766380714	4.7824917924676384	2.2478039426190195	-4.536570457320679	0.35158397226536214	0.10252153489976314	0.7373011526319264	1.3681612451835268	0.0025760963563341687	
200	2	30	5	3.59668688415671	3.4440009837719012	3.266544465160226	-5.7957747569619915	0.044227520448598984	0.11706466300982665	0.5388317730313494	1.1608496809253808	0.0002704133013071603	
200	1	50	1	3.3520640764356866	3.7395731448673617	3.5261284337111687	-4.89436278128573	0.06283382911928224	0.07952938487128232	0.5896900827281415	0.21752366345442475	0.0003685608532497725	
10	4	70	3	4.83415856809407	4.180317572166807	1.8151795544257119	-5.448022135235461	0.1320455322936644	0.4527488268747181	0.14116410590649808	0.23265290154056473	0.00013500361679722047	
200	5	30	1	3.3818607890748433	3.7008842552741106	3.7444638879404066	-4.7820298012379405	0.08600553550940912	0.03878997590544317	0.500271001662629	0.6851408596303722	1.4941445190799657e-06	
200	5	10	5	3.393582952180651	3.3569049510840876	3.3047379865481377	-4.428954607684627	0.04820805608721378	0.0915122448200706	0.12661290518677132	0.2482152908855141	3.123671448006174e-05	
200	5	10	4	3.234453872242668	3.289671617822234	3.0208908701720385	-5.665723660614293	0.022852673310899088	0.008260738177109258	0.13522870292093025	0.6992588679945619	1.7207289346101845e-07	
200	2	50	5	3.645662489478606	3.402250487604909	3.5631521174974776	-4.916231510672135	0.10959263368519555	0.05231752824666118	0.784787184560697	0.5704000044086994	4.128611146902398e-05	
100	3	50	3	3.555635825496137	4.07932971873361	3.4640563892173892	-4.934752279196873	0.08209919300764139	0.013081720306413363	0.36660732659615325	0.5028699880026178	1.907212958479202e-05	
50	1	70	1	4.55414852656752	4.4365194736969	4.041869175285407	-6.128213484950487	0.007407160036911881	0.02805726048208609	0.20197720392624313	0.7461500557148995	5.239230327607602e-06	
200	3	50	3	3.9446971073603043	3.362689990774155	4.168423805234199	-5.928160366496607	0.08448151266808511	0.13920710901165978	0.7580176737114895	1.2219400876435376	0.0006469083866977597	
10	5	70	3	4.812122815231673	4.551743851672178	2.8005003070631016	-4.993347721073455	0.055344832463964176	0.3532485289412475	1.0380712698237906	1.7078735930409863	0.004567852637392761	
200	4	50	5	3.787674829047993	3.3047163870351746	3.3708378146517695	-5.125466879864818	0.03497262675193238	0.12084566162788307	0.3789673205462377	0.9087199114635176	8.372111986235693e-05	
50	1	50	4	4.394759414169233	3.916111674484767	3.3432009825208278	-5.362865724356998	0.09922610362153902	0.0521738266978162	0.2307965606883724	0.45438586999537767	0.0002856855680502534	
50	2	10	3	3.272415161946902	3.5548749317119928	3.5746352474461247	-5.1614039172880055	0.004604629933697053	0.06557250500383202	0.16674836887885877	0.16873106934957458	6.685660787817964e-07	
10	5	50	1	4.868869566433956	4.512206178958777	2.068754298112072	-4.992897553991671	0.09409562065107009	0.26030692151405754	0.4762883346369683	0.6660419374216052	0.000736902279051106	
200	3	90	5	4.35776303741849	3.428723223060942	3.409777625666868	-5.123032126121438	0.028015708831495643	0.03920857682132261	0.43242188919146995	0.4870453376421027	1.1429882736746716e-05	
50	1	10	4	3.473071364047835	3.378624351207249	3.3988976902071384	-5.150524159900134	0.013462393255721274	0.01863526811584956	0.07621427305344457	0.43504743516022326	1.924211971309938e-06	
100	4	10	2	3.6821105179245013	3.403190918747228	3.919766559683206	-6.145909897568055	0.06878117568904792	0.11151030704385738	0.099937369362692	0.5590583266081728	1.8771609164452049e-06	
50	1	50	2	3.932699481489663	3.6044753198586466	2.921562313599277	-5.857555023671646	0.10654094611873355	0.3176306544460969	1.9627970128498378	1.240813567329554	0.002521204706905206	
50	1	10	1	3.4570058621312647	3.3843474360521695	3.572675484261528	-5.152136402459596	0.05498681227041423	0.09810393447599496	0.08324518295867113	0.46510083899679483	1.651001415000844e-05	
50	1	90	5	4.641236316872485	4.50461736562002	3.7704404348692644	-4.8420489191867535	0.0435485049029651	0.05354393310523997	0.8886263667202607	1.053003225652771	6.824354004642402e-05	
200	3	90	3	4.146868918031929	3.4219172255255397	3.5299195277752564	-4.2723565082220745	0.06093344424379746	0.06466675538112857	0.25701246323259136	0.8323793297063237	0.00032826323353798455	
200	5	70	3	3.561423697637582	3.828709476855022	3.9586102457106813	-4.355028586701328	0.16447107119029344	0.10202397224235527	0.2669943807605158	0.4726248125915258	0.00015124203435933745	
200	4	30	3	3.5535458883742757	3.427913443783341	3.4693731176530425	-4.795527592841801	0.03463711046325902	0.047561282893731856	0.31252433854152123	0.6397857530920485	1.9538516885839785e-05	
50	1	10	2	3.633793169482821	3.3965530020757346	3.7700691897045853	-5.662506373227355	0.005331394587451409	0.03695137847436116	0.18562163071423002	0.5701458422408932	2.978760756974571e-06	
100	2	90	5	4.352438921598106	3.97024431369073	3.2514684861216363	-5.335299195027248	0.05231231558609179	0.2258142132888265	0.4796377171805176	0.41874902957489174	0.0005577305288821703	
100	1	70	4	4.061232641664682	4.114445063926031	3.5856456472885476	-4.704995426895866	0.027831229327149737	0.028145442513145342	0.24718633849811888	1.660880836627989	9.973739663697535e-06	
10	4	0	1	4.878334631890618	4.302946455271203	1.611585732153423	-4.483361959597283	0.1920180608983868	0.5619177741611878	0.3253084481070222	1.0944691787185628	0.004365877604213171	
50	1	50	5	4.358007756203311	4.092430560543439	3.538445977446032	-4.218626473679026	0.029534904129680316	0.09749160087922887	1.0500524922506844	0.2590086979976716	8.168255525495215e-05	
50	2	50	4	4.440506379857003	3.898223749758315	3.5662029313680708	-4.169387190607594	0.06255651318988514	0.04075943526959326	0.5288433795886494	1.1757242720096108	7.148420693157507e-05	
50	2	70	2	4.475101538569779	4.43248641546554	3.814757610206568	-6.555061237689076	0.004889965589246396	0.025711648746056998	0.12079696826930503	0.09387163388666427	1.5281358137041497e-07	
50	2	30	5	4.246098646514914	3.7412480865861077	3.7239584001768717	-5.690810214924647	0.053575306570639504	0.07799934310443495	0.5753147633194915	0.6600575954511291	0.0005249849128423993	
50	3	10	5	3.124373608442991	3.8181243963061946	3.674603974858003	-5.259090944457045	0.03970301832544154	0.018237299031236102	0.24072489132424643	0.6188989753457316	1.0828255873507217e-05	
50	3	10	2	3.4769904729665955	3.669066859858435	3.646728869277842	-5.747324749545872	0.04549397838145938	0.0505911037210898	0.15561199284040134	0.7314013380599219	3.599214296320261e-05	
50	3	70	2	4.154625480554296	4.737578424438267	2.722009423432465	-5.6457613175784065	0.048495190264721315	0.02471356460330338	0.7228185827108703	0.5795278256516968	6.009376097299065e-05	
50	1	10	3	3.642525447635365	3.2734026835505574	3.5964160774143	-5.141260531469879	0.09883200182425686	0.03222355266448652	0.5034321525628811	0.7514816816571265	0.00043742210092428615	
200	3	70	5	4.1854641390111	3.461088686408516	4.687243729073523	-4.182678710219299	0.021081444462826473	0.02645080166666318	0.10960576480283683	0.4368831682625558	1.2895873612549295e-05	
50	1	90	4	4.684160318209758	4.575516887363703	3.5596937712305925	-5.000681840636666	0.03862720477158958	0.012224233325087217	0.4765043493864547	0.38999082592328677	5.557780468645091e-05	
200	2	50	1	3.8994005593041847	3.3764241755137183	4.110073184479811	-5.648217089513984	0.02121790109595148	0.05667856221792615	0.43129258358999495	0.5395586210657125	2.38398726380918e-05	
200	2	70	1	3.9216741707816296	3.3781925440417506	2.6625006176446235	-4.554426264716493	0.0676377357526412	0.38857023328101653	1.2930986798319573	0.9384666608974731	1.7636027584439024e-05	
200	5	90	2	3.3082217658707522	4.281474030827439	3.561700464768794	-5.496838385489271	0.02986548245474724	0.02411593766910062	0.3563021833200931	0.5541995110911055	4.573547468177322e-05	
50	4	10	5	3.5325467939101705	3.839890199790878	3.9336726596056297	-6.156556634356574	0.0939197070622772	0.11874408797038	0.18037960627159552	0.9024434596984197	0.00010273308058690307	
50	2	30	3	4.073142943237328	3.767001320015738	3.5102165973463055	-4.682858291582108	0.06025489530104799	0.06051387733453969	0.13814694142233896	0.6997705058439145	7.911080716530418e-06	
50	2	10	5	3.6020463351867034	3.649943197625125	3.951443142155461	-5.198279565213257	0.09541802212945039	0.024586567695976155	1.1293459193416628	0.1974173667548283	1.1376102816929256e-05	
200	4	90	1	3.998978921882787	3.9411739892441813	3.263728939566087	-4.360789933317358	0.09132470816655358	0.06452992211726731	0.42805432876371957	2.3034563666460883	0.002766718642484948	
50	3	10	4	3.570703043322751	3.7076309744507108	3.97404321530047	-5.127400064975892	0.012783512175062026	0.04420641366922317	0.13170349325376873	0.19725042550811586	7.473013335353864e-06	
10	3	0	1	4.66575920940982	4.645582359452726	3.1973876657438858	-3.805234048947909	0.8251692985328387	0.0797656565556277	0.17183821460874293	0.6107084028102552	0.0006032619926650453	
50	1	90	1	4.6582515924885	4.562705073600363	3.7002521665493093	-4.798494611103638	0.03614116861364539	0.014067278287287844	0.052543492295832876	0.801713782060596	2.83706928959685e-06	
50	2	10	2	3.631155336044796	3.200027578569042	4.047593224010778	-6.061682129487257	0.008613389034725586	0.040797051431854074	0.13437629105106183	1.2188917178792993	7.5755842539469145e-06	
200	1	90	3	4.190017109538205	3.5748055715581963	3.464461972860294	-4.863638331437957	0.009900671304438977	0.15134820448968314	0.2224307772595614	1.0491665085395685	6.008283332605634e-05	
200	4	50	4	3.8382957551460115	3.41317115259495	3.796586824261546	-4.5071976482950555	0.20975887917320887	0.14354655818509923	0.6929915447073258	1.618161559920164	0.00016272782977635284	
50	1	90	2	4.652487384768936	4.563695762336173	3.5117927663564603	-5.274002813608176	0.03385240832498762	0.03011186809840695	0.4213711557710553	0.8043749355597251	0.00012017006035019722	
50	3	70	1	4.567067211541854	4.696763519164012	4.14078458823086	-5.447947997441991	0.041205069039626126	0.008005184512010701	0.13255547013448882	0.28028280085989454	2.2935692173419887e-06	
200	4	30	1	3.603706045510574	3.518596760462397	3.380961161368552	-5.464721984772473	0.08712838349273092	0.010613542544607642	0.41294202520094925	0.30037129586275474	4.673185177271169e-06	
50	4	10	2	3.538008508652909	3.863180779165471	4.102992794702855	-5.4014980001761375	0.08090537037434373	0.019886753618641305	0.23619739345386498	0.8353970863375485	0.00019680820871330183	
50	2	70	5	4.655335205436581	4.0737532861870385	3.7308520250731263	-5.40980460153968	0.023879513111746485	0.11100083437593135	1.2611477694496627	1.1423913150410925	0.00013446077821477096	
50	4	70	5	4.478658191615884	4.5806786463598135	4.2887622427756895	-6.083767373241863	0.02904220902488746	0.03484925043374244	0.13800678937426342	0.4208679804318292	5.74941929621347e-06	
50	4	70	4	4.331342400256632	4.5748734915370495	4.40639741174203	-6.742556592745083	0.04122305364107072	0.06643435970238443	0.5633404485659159	0.18490998750481077	1.7074678483150382e-06	
50	1	10	5	3.582701459716032	3.288868708499312	3.416376409151471	-6.317113702032527	0.01625494197872277	0.08333015199548575	0.28958727456629935	0.4646683609116082	8.894653768482854e-05	
100	2	90	1	4.342377658651365	4.189049505155433	3.241539061866337	-5.701393455796278	0.05522709594219583	0.275798536253219	0.5070770810149885	0.9069399137138275	0.0004318863184539742	
50	4	10	3	3.5018702002938538	3.8900100751408653	3.725480986428182	-5.52426509793966	0.07171617713116463	0.020916801617821584	0.11140703905732889	0.6206894801705166	2.115193167602733e-05	
200	5	90	4	3.6815555631753334	4.257562350122549	4.355924774184345	-5.387359819308816	0.06578426821621233	0.01677653426047988	0.4255048676972425	1.6953570168237209	6.11692143598541e-05	
50	3	50	4	4.119176386601006	4.105726465168963	3.2288447273060332	-5.410295604123857	0.2503219448265471	0.16400337600363332	1.7775870086699967	1.196588042185342	0.00786148493651298	
10	4	30	1	4.7799597012594095	4.013673039937685	2.3197339063128113	-4.746803916465405	0.11203238203923256	0.6216434755276056	0.2782647528399241	1.0473259344278398	0.0006620826461156885	
50	2	30	1	4.147661535828398	3.569900846090791	3.4781407689497854	-5.650218611532913	0.057196794828383676	0.15997170979992634	0.36686056038187936	0.7755542133147005	0.0007633201927724881	
200	3	50	4	3.696334147812476	3.383915495907248	3.2379316832480565	-5.561407263555617	0.07005611957583566	0.17064862116942667	0.6149140537442548	0.8880192887430605	0.00016293492959564007	
50	2	50	2	4.099863599624109	3.932261608204396	3.5502558232760175	-6.1092875143247225	0.022870649263684723	0.10434270151437362	0.4639992073365216	1.2477123986331777	0.0005075717554895125	
10	1	30	3	4.898814000892004	4.864735072121821	4.442541664021995	-6.15281886537999	0.050299363772721914	0.04298508697143402	0.09738031329707418	0.3066460657172273	8.302625248075555e-06	
50	1	50	1	3.9584448272479658	3.944100603369915	2.8945567743796317	-4.451966756959251	0.3242273538080642	0.18274373852393633	1.0190238356770862	1.198959087642484	0.00018728953327873876	
50	4	10	4	3.4113777209603087	3.8203073955624527	3.636189282914005	-5.8221876219989666	0.027935565933851072	0.041448328557645055	0.17370524409565613	0.6046349448695596	0.00010212555458056405	
50	4	90	4	4.671098098310924	4.607395481294029	4.226732790297614	-4.708510808232133	0.023784749686410922	0.011306020001609069	0.20392313381451013	0.2304982038426735	2.2122430785909172e-06	
200	2	10	2	3.5770713458247805	3.6639751599524444	3.403742834646956	-6.253048684404527	0.063910701423726	0.015580720437990915	0.2507852893114604	0.5246452917425496	1.0428674786401934e-05	
50	5	50	1	3.7545639826046227	4.316279663168961	4.070844006107144	-5.223858993865744	0.14416373572723812	0.11362117052740871	0.27125535196087047	0.8839706171118613	0.0007952032177347781	
50	2	70	3	4.593538245572546	4.402214324330637	3.8619500917716323	-5.271359864623611	0.006254104771059629	0.00960580237416431	0.13884540913944396	0.64323131151674	9.454539461766124e-07	
50	2	30	4	4.069193134006709	3.9289828273731056	4.212106260207427	-5.353970947960591	0.04721485761055902	0.020246428796943	0.25417675037813997	0.9390190824598689	5.490914739671392e-05	
50	4	30	3	3.50376843926202	4.019411857871817	4.055879538310419	-4.631049918675927	0.16288119178226365	0.27820128070641204	0.15947116678488368	1.247732806006518	0.0003441106801221018	
50	5	10	4	3.7750689645035345	3.607734037015979	3.8222445535711476	-5.214631420088774	0.10734279296122895	0.07583911767189876	0.5282582477036386	1.0864643636721594	0.00022800263572111607	
200	5	70	1	3.6068888684032423	4.031358700879434	3.169774410512567	-4.154740922873457	0.10761709052454392	0.043480234349413865	0.44968856098485477	1.6673180145375899	0.0003863708338552626	
50	2	90	1	4.610214336439095	4.593528394545187	3.6704368305522896	-4.2926893509682795	0.07780525381800514	0.00816782537569265	0.845962418136507	0.45805700839189345	6.42552616264431e-05	
200	3	90	4	4.305220955497471	3.408500504986336	3.851638106416204	-4.369455774024319	0.01583877901510628	0.12361045673321035	0.5553720867810037	1.4953067261519204	0.0003364078727475371	
50	5	10	5	3.3867175793970263	3.604308440941244	3.580444933959915	-5.363299596274504	0.0814788560737521	0.05073415526080532	0.21448944470996867	0.5099429881554581	7.082336125347293e-05	
50	5	10	2	3.588377301018325	3.55847137035441	3.63829875833952	-5.2758105037920044	0.12263306931307594	0.07746407751045965	0.20084908015098096	0.22812349803494494	7.837257531201975e-05	
50	5	70	3	4.627701567564511	4.600841469388367	3.7336635621026524	-5.01530143397278	0.012179485163334803	0.010581307047171685	0.5731254325595246	0.9648480964675779	5.461580191693289e-06	
50	5	30	4	3.674435488337954	4.2916364174946535	3.815504465404045	-5.057258368788371	0.160937210348694	0.04095924495778632	0.2546397412460355	1.034320767014424	0.0002728915862826566	
100	3	30	1	3.8209362914239864	3.822042711197005	3.8928022477505486	-5.7333635134142735	0.009199053710388976	0.015281125162647999	0.09814503667471766	1.441927634367455	5.518607014752659e-06	
200	5	10	3	3.1955193516081244	3.2759779430997322	4.215790158190993	-3.9751074551404337	0.008429949423256143	0.07603472231997584	1.491552888417442	0.13309010096806792	9.747315274750209e-06	
100	5	30	4	4.005048544968713	3.8498644614027597	3.922369516460871	-5.7670159974500494	0.09244619540812954	0.04597780977964406	0.3778778311934072	0.32825087345475956	5.671551154462811e-05	
10	3	30	5	4.39120936497326	4.590411448899078	2.2739294590048127	-5.42455803522108	0.3384145154221896	0.20772369509357227	1.0243955668724505	1.2394344059780338	0.0016370659530113715	
10	3	70	5	4.864303450450911	4.33585076318505	1.4578047053274832	-3.7605599779339194	0.026245513030164987	0.24189305573104636	0.48490133668072805	0.5996527335604119	0.000647613438184713	
10	2	70	2	4.230542400033328	4.880288107666708	2.348991165201305	-4.052934210528259	0.2510263157494336	0.42931900981111965	0.32860561984496695	1.0304930181218244	0.0007657906242487735	
200	1	50	2	3.5646829302744956	3.547775973483001	3.3974191526497544	-5.3174561623811165	0.07998418826023576	0.1532863288227055	0.262279786110934	1.280749088192627	0.00019000963151666965	
100	2	50	1	4.104945918725551	3.7788990306331818	4.059505202892062	-5.226055699601353	0.04411267194075089	0.10906847922404583	0.22087264659153363	0.6544732995977499	0.0002501786350325331	
200	5	30	4	3.2912590374208026	3.6364960831443485	3.2054250433353753	-4.992616955799232	0.024952009548427648	0.11019396135738654	0.4016004010221176	0.5236309450987252	2.3955385565938962e-05	
50	4	90	3	4.6847066076719575	4.647804183874826	3.970950797826296	-5.280693934202363	0.004383902740790535	0.007323503623749604	0.31694037526525615	0.6572996539356125	4.978783204236977e-07	
10	5	50	5	4.942254917736853	4.457923522453175	3.317445027576874	-5.729299307486622	0.07518905555566902	0.1847700141433327	0.251913532310162	0.6269084409955499	0.00045783669917107226	
50	1	70	4	4.645970107049869	4.504420447087248	4.209307690088902	-5.435225120762506	0.0099730069120508	0.026624360381225558	0.13157717609692493	1.000821822700975	1.4288557590468292e-05	
10	2	70	4	4.866488368343951	4.387996178509807	1.458959593814907	-4.566631441069193	0.21444447458500634	0.7015396253090318	0.10110073609697734	1.3906063442113459	0.002922384114245175	
50	5	70	5	4.3674437513402165	4.670190852776833	3.2721588208649512	-6.547275067096776	0.02161525884911925	0.027779556647774293	0.3226209446661252	0.06217110999928792	4.60831269674758e-07	
50	4	50	5	4.469618649516651	4.421516114539351	4.490025435963957	-6.534904532473828	0.1379800914267259	0.029370373094904076	0.4048451788123423	0.5192729290210581	9.959442609840632e-06	
50	5	90	2	4.585834024289027	4.69566264264013	3.9922118797408306	-4.3780760056943375	0.05050425636592846	0.01757889246509777	0.7549483565571826	1.361354625891507	5.045324178169503e-05	
10	1	90	2	4.720793002959663	4.952938477601302	3.8834652443506483	-5.469989658171308	0.12373976166015735	0.04251342954757251	0.06300163313509968	0.15410116128440104	1.2276784076360309e-05	
50	3	70	4	4.524198036922915	4.650913885748055	4.310290481243361	-5.402809022340848	0.01401426370807001	0.0067428202411431515	0.28957510490053123	0.5684377752283799	2.179637166932219e-06	
50	3	90	3	4.277186483456591	4.7642617083554395	3.067629837603635	-6.177006806741497	0.3053065783770359	0.0315664785581681	1.0067142104988667	0.7048111157767939	6.737131915713933e-05	
50	4	70	3	4.603999317621818	4.608710496604581	4.645708134327718	-5.569582652196337	0.02023735632818223	0.019850037957399796	0.052151111607380875	0.8716950000335344	3.0444824587076002e-06	
50	3	10	1	3.334079408315759	3.8511438720427655	3.506408085112031	-5.118802360454931	0.0965294962450271	0.01042782281776533	0.3229889215538403	0.1418839273518624	1.239276158084641e-05	
50	3	50	2	3.419316876294865	4.359489473762446	3.2349161801133683	-4.559116621390703	0.132235890961087	0.032245493743282526	0.39134180321777495	0.4950843456176611	5.488719125896174e-05	
200	5	70	2	3.288971090433376	4.1993533910463094	3.715640472045386	-4.003155951281715	0.03594970090192473	0.01845809083911712	0.17728910930224648	0.7199757687326179	4.33380260028301e-07	
100	1	90	2	4.144787346705007	4.0091624171380476	3.2308467371126564	-5.860709481024981	0.05183841022081396	0.05579329380048578	0.5763935112277073	0.2742421063353018	0.00010637533468895871	
50	4	30	1	3.909221786594726	4.0430144255283045	3.88737821477807	-6.096050851015681	0.14363214571320032	0.012406525620758453	0.346958882132106	0.664667995159131	0.0001603412805102038	
200	4	90	4	4.0757028653142395	3.6272014821246397	4.269452553288229	-3.9349515487540927	0.10381140494290701	0.11265809732558964	0.3202814858300172	0.48841934500479506	0.0003627560193136318	
200	3	0	1	4.2010356040565595	5.110393672331889	2.0769010964146535	-5.211686341831732	0.560874060027393	0.1072464438898307	0.5819102647303355	2.3831190509620637	0.0010138869232800955	
200	5	70	4	3.5798922839947096	4.085888846889341	4.059242269204784	-4.950673623196075	0.16514554538995418	0.046560369211971236	0.4078090270424571	0.7256948401851497	0.0013832972635641103	
50	5	30	2	3.511005123680728	4.19908740134988	4.149481656850404	-4.849258876837131	0.1571223388565369	0.013130938306046827	0.32638539085409524	0.3229931835519033	0.0001267202534845039	
50	1	70	2	4.554518258567479	4.669688813765447	3.9036478618611925	-5.713015166837617	0.06014139224991935	0.0035319707496665174	0.5158744402297224	1.070848564409355	1.736590673040743e-05	
200	2	0	1	4.858050396086214	4.6851069415756434	3.081799126995515	-3.967160581196168	0.13413194762763186	0.03855533531173439	0.873713116356946	0.7547472304239691	0.0008145087473187461	
50	2	10	4	3.6040885144767105	3.409404373974661	3.592318436769729	-5.28816832212601	0.051684676696095125	0.010362676817882936	0.26143995152443017	1.207912357195357	4.51742879765485e-05	
50	3	70	5	4.403926033986809	4.661841566052761	4.132921023530225	-5.578654631218959	0.023312763095067388	0.005116081030025582	0.33938851342633075	0.8599257069248197	1.3339978395292803e-05	
10	3	10	4	4.319479406461338	4.517610155784005	4.230759861266832	-5.707058032375423	0.0705439447053221	0.014352885427736363	0.09065583880465361	0.34809936144038367	1.527795371969529e-06	
200	2	30	2	3.538325503453256	3.295863469695327	3.031018168093682	-5.673367207409227	0.014563939840410671	0.029894438253424964	0.18202508117622648	0.5464881710949087	7.405463246685236e-06	
50	4	90	2	4.701765654895916	4.739376444778048	3.887420812826286	-4.759275313265523	0.01776963502999461	0.01305263742233985	0.5973978637847418	0.11371629250520979	9.250533694826747e-06	
50	4	30	5	4.194505517375469	4.249165837526552	4.534594668824535	-6.105175545303709	0.10081461155473562	0.007443516753449462	0.10546697732706865	0.4494754683147938	1.8561790248855405e-05	
50	4	30	4	3.878831247251204	4.384532609334709	3.876061281594646	-6.0089394068459105	0.07715716007886496	0.047310312572452155	0.21170673489848643	0.17190326920662752	2.8094808465804952e-05	
100	1	50	5	3.944180344108394	4.165455938409189	3.9468822855811876	-5.929573617350971	0.04654905706769693	0.021862604918473076	0.14198890454856547	0.418280487934831	7.994825790093722e-06	
50	5	70	2	4.447206904481364	4.690762337688872	3.8684204083209575	-5.365989054577016	0.022949356140760793	0.008509960307243068	0.2758152725577606	0.9911178817526016	2.453976030800701e-05	
10	5	10	5	4.380205602860573	4.389522849186564	4.297457095733222	-5.925234375718378	0.06098564456320528	0.12229369989272391	0.1325407655381429	0.603714942087741	4.1498981559635866e-05	
200	1	50	5	3.613638420570436	3.4186998626339884	2.9882974888135316	-5.835601711332664	0.049178010461014644	0.1131383857765654	0.5712859991351412	1.4076838643096476	0.000544999061024933	
200	2	30	3	3.463094971764841	3.4995331175889364	3.745081875976352	-4.3433827084632375	0.04739596487379412	0.043346045174096806	0.3097563654771598	0.8235551120764529	0.00014345617743976132	
200	4	90	3	4.107154359636378	3.7326356130029996	3.7035598517030466	-4.778088839303358	0.019380071037457907	0.05874216399470596	0.5718769153141937	1.914891064069018	0.00033922199390790645	
50	3	90	5	4.518092627303178	4.8586976195716	3.810266695848208	-4.066091460121639	0.029141430142942234	0.021617687818873688	1.5768381574094488	0.03828894809789759	4.631005700825923e-06	
50	1	30	5	4.22773135212663	3.246124520220217	3.187263443079302	-3.810256606448733	0.02221689109461247	0.14099368050517877	0.2146963303919	0.2814575069734108	1.3587290307801487e-05	
200	5	90	1	3.3306194215366225	4.208761913409322	3.5859695486463963	-5.662260572678939	0.13340945074996483	0.013067429310988468	0.3858586622346066	0.7363520932722143	5.584944189615523e-05	
50	4	50	2	4.298144427674447	4.216216737524267	3.8982562418790767	-5.629297335811138	0.14056007474693302	0.021121242812726117	0.43850642009223456	0.7465750553626745	5.460450343890958e-05	
50	3	30	4	3.6644416456893096	4.168634445589621	4.146298587396924	-5.244689277161149	0.08665440450597874	0.033376742122256435	0.2956288436570373	0.11782100656085574	7.951840412314319e-06	
50	5	50	5	4.096855729768326	4.276449561735097	3.9852381361417937	-5.8711286035716395	0.04491652027974409	0.02032333496196827	0.40456206663203936	0.7894986413362938	4.3444563487938065e-05	
10	3	70	4	4.511260850285819	4.831995673689077	2.1476223305620294	-3.8937701521126695	0.1158120377625882	0.09180184103893921	0.22693160222844339	2.0013789273940126	0.00011862595181790436	
50	4	90	1	4.640904650958162	4.61968785644619	4.107560946578971	-5.1679053242025095	0.018955213463194346	0.02736659691885833	0.5249619805208636	0.36208009350626547	1.0479851474116725e-05	
100	3	50	5	4.050381619181031	4.06657273109266	4.092891774653072	-4.532795275349694	0.02696468234830326	0.1326383650042561	0.6105980824396724	1.0825653646699267	0.00019610692438097718	
50	5	30	5	3.773370578018513	4.229606388166976	4.101761295929759	-5.099126056599989	0.04846464375915812	0.13905940541448858	0.37360774466393193	0.4987338583683117	0.00021295780735721976	
200	3	30	5	3.7297538068348146	3.423747562219141	4.107714442468337	-4.638368018989981	0.007899446403385461	0.022336933765699733	0.21341886814477956	0.14164363792814127	4.81009405452725e-07	
50	4	10	1	3.276823372348579	3.6114997645298317	3.5568933177465594	-4.771249066006172	0.02574261202792585	0.06123861274509479	0.14122990269884672	0.9344926584598529	2.2850148276164327e-06	
200	1	50	4	3.7674388871063584	3.4904356609255105	3.55206311575097	-4.293036059237416	0.045936243745673955	0.07510901536573414	0.31859468367776167	0.34629255395609576	1.9655973628064687e-05	
50	4	50	4	4.232957759833576	4.319498751857646	3.683833143296605	-5.511372451428052	0.07208928404067436	0.011551268507327931	0.2596057461777767	0.3431268609404734	3.103438545967735e-05	
10	1	30	2	4.794827951364191	4.806827264646997	4.6875293419503175	-5.630693276561945	0.021315535773392427	0.02582887517178069	0.0235267795423972	0.5167427906502331	3.1784953067503995e-06	
50	3	50	1	4.0247091828438615	4.375054659963573	3.7556243773644646	-5.380399314953081	0.04049997577238095	0.06793126742326822	0.8451887551974039	0.5835971769445029	7.446766327579485e-05	
50	2	50	3	4.229325533859868	4.358885428154369	4.23001803529285	-5.839267728866617	0.007095257505844491	0.1118660147357902	0.28223316663764775	0.9985339678521067	1.5845299243788005e-05	
200	4	50	1	3.8297718600612423	3.2844964461793418	3.5184396359728005	-4.028403519610757	0.03804399338148296	0.09197186499784157	0.2596904422615811	0.3904950804972176	9.516915005535602e-05	
10	5	30	5	4.591589429756746	4.576839804308647	3.034522647179556	-5.191680942292119	0.20402062294949144	0.2406693545445956	0.6985997921376998	1.2149861838300309	0.008596814604381352	
100	5	10	4	3.665417052211842	3.4372460486660756	3.7479422985972253	-5.647078319409598	0.03080155316840604	0.032433852937292125	0.13559030589082452	0.3803022015617337	2.856056655167989e-06	
50	1	30	3	4.049512159648868	4.002370811946188	3.96480312838454	-5.963634838048043	0.021099473842119017	0.17524334895475918	0.33577025910350056	0.7508689769121923	5.5223271718398595e-06	
200	1	90	5	3.9826090086986263	3.6418732734042387	3.6082145030541306	-5.519660101706724	0.01987247970806112	0.062082870129303934	0.6903167039214874	0.575919672074655	7.591173559563937e-05	
10	4	70	1	4.6951701329091895	4.608747637941607	2.161550463515185	-5.360429776266572	0.07287743458510175	0.10394639862350061	0.4911991742318265	1.3065014514244082	0.0003103608876866723	
50	1	70	3	4.640805661180925	4.4837595312869745	4.218760577348228	-5.990980656485962	0.0010978785369112792	0.003916636162612346	0.11650948423888954	0.4537859184593505	1.610486505462555e-08	
200	3	50	2	4.12830515175358	3.3129038428439253	3.313125821922469	-5.514218324202092	0.024603273851283414	0.1887130432343643	0.7579843511669384	1.3786174566788034	0.00012173946008125527	
10	4	70	2	4.942920389014252	4.293580955703027	2.212227661134609	-5.914792738987273	0.00908276536103881	0.2568486375948469	0.4924463951181805	1.11101211215093	0.0002658593945973407	
200	4	30	4	3.5070980493432287	3.6637387793288703	3.567431873480019	-5.393783339187519	0.1399362104654684	0.03689853810357597	0.2985754264509155	1.5873017275033223	0.00018559028630203123	
50	4	70	1	4.608660606390723	4.678933954804895	4.164385579996426	-5.988305574275375	0.011808672877683992	0.011927392672331541	0.3166696119964751	0.36452388326331375	6.385680179626394e-06	
10	4	50	3	4.404301216873662	4.3988265235906265	1.823305893863238	-5.1680728585306674	0.5310577824337326	0.5614983938011451	0.3525695362931707	0.3987771544430522	0.0023445559189778143	
50	2	70	1	4.615250213916989	4.33506519423965	3.7719440078747577	-5.766081318694689	0.00848577322809192	0.006221824487651382	0.3893538849731242	0.39302842619281636	2.629529686668105e-06	
10	3	30	2	4.222240196789653	4.824151625068037	2.795142448732336	-5.66218013117756	0.5744099405436888	0.12220796602216694	0.3890796864913228	1.7435347361329478	0.0035864481802394114	
50	2	70	4	4.593231222633288	4.449700019073779	4.083601785198421	-5.415952783643368	0.006908070028175822	0.01891139044012473	0.3864503326686138	0.24181176331899906	3.5389450476742617e-06	
50	1	30	2	4.090818694474854	4.006167217057821	3.860088187042204	-6.092791116380152	0.04056166544976594	0.03158594857943162	0.1068418485128791	0.45630081025840213	7.78258179895275e-06	
10	4	30	4	4.864128240467671	4.364317588462905	2.8437531387813677	-4.511021413716944	0.016000513865402702	0.06013970376823116	0.34905223997235285	2.0025115398349818	5.487523542260428e-06	
50	3	70	3	4.633336546082459	4.71977974692203	4.143123598428743	-5.582039640724907	0.012905332045685407	0.00257738924146065	0.14165004861988004	0.6468821404216163	5.60275303010743e-07	
200	1	70	5	3.962347774983696	3.774798674549844	3.21000013268311	-6.186442469027108	0.026706412895110113	0.05850147476965345	0.4838330099645634	0.9015478667733836	6.0149405595901486e-05	
50	4	70	2	4.497639140139886	4.692972080552924	4.1251488235809175	-5.194823061488121	0.02090306601261663	0.016631331995919683	0.15040754100643014	0.4262460590994663	1.5043071298279212e-06	
10	5	90	5	4.677815779845751	4.9523549248749275	2.614167298775622	-4.731173070559064	0.4052152522460959	0.10943087204073876	0.6115982704865244	0.2729926943799974	0.0018002669389129491	
200	2	70	3	3.8001599745176087	3.666529023117694	3.743334961244414	-4.538151202667305	0.08601950484187165	0.10202765219848206	0.917288711491509	0.3348052024836197	0.00011782665201297006	
50	2	90	3	4.619778371335956	4.601234022794367	3.3519544721605086	-5.174630907930005	0.010398911068986067	0.03001932514252398	0.8895123327829747	1.153267832275322	7.614277547635852e-06	
50	5	70	1	4.570235500865203	4.631400267836562	3.4848016988783796	-5.771761396103554	0.01364170808556499	0.009906426817882171	0.2370471154107408	1.0951485750512095	6.279228682734133e-06	
200	5	90	3	3.641262575428807	4.087702439794432	3.8933150806934993	-5.553382642174167	0.019911298633774686	0.057355602321927435	0.17160991812253631	0.914408442232296	7.422081279116906e-05	
10	5	10	2	4.47672674667573	4.019488943423676	3.9250909158038514	-6.412017117641583	0.037799515744178266	0.28688786672156374	0.3809323301089571	0.5415002731816988	2.490016199081413e-06	
200	3	30	4	3.543061221424459	3.4096929123131003	3.4817107190132637	-4.841050772635958	0.01208309938842907	0.019218106739848414	0.36772888741964455	0.5019502030930885	1.993623056909892e-05	
200	1	90	1	4.157998656780891	4.142382606214241	3.649554729361363	-4.97783330972247	0.010858384385440283	0.0345379629005122	0.48071361947237984	0.6954817005946277	6.199375158561368e-06	
10	1	10	2	4.7018258544485345	4.37333714379203	4.824917281525188	-5.71606507417091	0.008529210356226124	0.11505253590077043	0.029163147917934715	0.624625108969647	7.274536478414598e-06	
10	4	70	4	4.731150410197322	4.373594071595901	2.9426599562941727	-4.279733247135123	0.14434717857545964	0.39756630486825684	0.37702128117107414	1.5519575904379466	0.0007421989044335874	
10	1	0	1	4.381295013287256	5.032097550569129	3.3829974573136394	-5.566132491511339	0.23149226149360763	0.23280333815218018	0.5931332025972232	0.8841892783388718	0.0026370889724720644	
200	5	30	2	3.354225226639792	3.8289405777627072	3.550579879580329	-5.102109156307661	0.01074092173243877	0.02111843217200762	0.1770979312222547	0.9637083678885412	1.7591469312172242e-05	
200	4	70	1	4.120825589372911	3.9106939106514678	3.6847874306981843	-5.790228206501255	0.05095593321242786	0.07242313179009248	0.20049270974838276	0.3621096688835755	0.00012874126043621053	
10	5	30	3	4.868782297832573	4.459107878304838	3.3179628676840576	-4.188862792207179	0.050031623486226195	0.15788094079149667	0.7120429440490521	0.2385525078927788	0.0002952388098262706	
50	2	90	4	4.6730419814008135	4.402487190338461	2.957244426447154	-6.143980964729772	0.0238883339474231	0.10801447845638672	0.3290735657525921	0.5086928989259558	3.6223074066073636e-05	
200	5	50	2	3.708668882772114	3.9474452199107035	3.411415676614125	-5.281280637475773	0.12856425646236747	0.012204156080540882	0.3402566765401773	1.2379746618092136	0.00018265155089525114	
200	5	90	5	3.7223031555842008	4.150112049118951	2.9325707354186115	-4.525431497125578	0.0975716370495289	0.05881002477604533	0.8871429135424802	2.6696146301969312	0.0014920171768844134	
50	3	90	2	4.751798900260165	4.80325096478263	3.4977507950012754	-5.257425741151022	0.023157722601996632	0.018675410058973347	0.0837902740814262	0.17215515389991953	5.21460004785249e-07	
50	5	30	3	4.028595077266124	3.9597205897313215	4.006352439947064	-4.8103817021785185	0.03606240795250802	0.10182721123439012	0.11957914239304641	0.3866638997632853	2.2378013569694957e-05	
50	2	10	1	3.746309808557547	3.443736210157411	3.7107331805222468	-5.67212683880754	0.031300659423577744	0.04281332946119174	0.15808934963152402	0.32208047134255624	2.393363341746794e-05	
200	3	70	3	4.151173023020304	3.738550097379048	4.115689183935285	-5.324728079034179	0.043451102043938164	0.10914179688959676	0.5612702412660662	0.4291493346545853	0.00045155623396560116	
10	5	70	4	5.021047418285439	4.2717784153139675	2.10859584522905	-4.775246848134049	0.02837308457260434	0.41303972585772236	0.34641914179658484	0.8290433689498977	0.0004891788987096687	
200	4	70	2	3.973116043012496	3.597892720935133	3.5019458006933784	-5.622432630814179	0.029442851029927625	0.09434417218899316	0.4569485321940474	1.2445042466782974	0.0006100783007536611	
50	5	50	4	4.055568337081117	4.299744860091205	3.9382434595393696	-3.998082088018949	0.21953459559294686	0.016899975078577364	0.034651147853307446	0.9307776668242949	5.7475941707388265e-05	
10	4	30	5	4.8062261930945	4.350729209730987	2.467842798145086	-5.653096972181776	0.05722739423730269	0.3504976402715187	0.8465696170590654	1.006885995564489	0.002032369723794359	
10	4	10	5	4.250605819371749	4.3115051300245515	4.1746903149908094	-5.5034989608463905	0.03940350773190652	0.14411708556570874	0.2143462492137957	0.8321640661803125	0.00011553832782328277	
100	2	70	5	3.979477009463452	4.255240431323922	3.139097269990203	-5.962212630620625	0.13123264803203616	0.08193904342044121	0.8532981539087954	0.7591056998451167	0.0009259621338684895	
10	4	10	2	4.297985248458763	4.070427305566999	3.5191720114844753	-5.320643513940229	0.11995993251213244	0.14600625846820953	0.5011004914646258	0.13623281598019887	0.00015562677316810462	
10	4	90	5	4.74470008035383	4.267454958186548	2.1668475709709947	-4.755661752172648	0.24792595087806252	0.4024736434463449	0.5336988942217703	1.8642104659252203	0.008400427182377624	
100	2	90	4	3.99035547247489	4.3080985137876535	3.158428055986198	-4.539766705047154	0.03080635031938417	0.027480440128165758	0.9029703756412648	0.7033908626979616	6.995803388137464e-05	
50	1	30	4	4.1052575891770955	4.226532517524974	3.9883336047394273	-5.6102088644003105	0.12844119511952226	0.07985778474862723	0.0853536297609724	0.6963722461768552	0.0004041023336055594	
50	5	30	1	3.9178615507869274	4.3496869661328805	3.332664064225779	-5.553980954224562	0.0684087560996835	0.018979971738767656	1.201540644308429	0.7951490679716721	0.00037482165198343746	
10	2	50	3	4.366929602376221	4.80526393589162	2.023388484088952	-5.348071069219093	0.35998238511556013	0.4371803503137292	0.9006852690910474	0.8921231639377997	0.01709806535668065	
100	3	90	4	4.331234365464816	4.2232472794944185	4.037610010461454	-5.490570239980173	0.029141812585037424	0.013863525782453959	0.5268512440974835	0.47434049840622555	1.3841505146309419e-05	
100	5	50	5	3.8231233483499047	4.027560724614341	3.2501876450598606	-4.592545725397424	0.12930157319086324	0.10248314580614093	0.5815649042234478	1.0490211417391968	7.688062367159975e-05	
50	4	30	2	4.097279621790815	4.180304820590652	3.622177948751579	-5.407838932336594	0.05718609567746682	0.018592668521647045	0.22004301090462228	0.7221848718467809	4.0836718218108955e-05	
50	5	10	3	3.7300354786831678	3.894506228580859	3.942994790154162	-5.9223879938344	0.04883481565275827	0.0472751671703515	0.20061739744707807	0.41949428981690035	6.87963275038378e-05	
200	5	30	3	3.2334334625177887	3.507322371611444	4.199158269365227	-5.316550645760982	0.05456594300362681	0.11780522484168778	0.44438309297182615	0.9150721944523448	0.00025991058751496167	
100	3	90	1	4.266667492546988	4.444881670978412	4.6846350713950935	-4.16829888206775	0.06750660713708026	0.044949134926731846	1.24979071766651	1.4853545634218	9.53874496549769e-05	
200	3	50	1	4.186158435886687	3.6437339774069555	3.2260378369895615	-6.197566626156037	0.05697534430691196	0.10771596738795962	1.2238950719390038	1.6168089847516913	9.089335267853254e-05	
50	5	90	1	4.792604792605081	4.738789669969961	3.163924601475864	-5.461512966460989	0.01693926491554669	0.018586737295261113	0.1574040118061783	0.19954860526170143	7.3090791566357e-06	
10	4	30	2	4.149443046598807	4.910145101326253	2.40653796708591	-4.9494565321655655	0.2133866520742556	0.037380450372397206	0.37116429927044403	1.5270782139898176	0.0004520061204190347	
50	4	90	5	4.766752784871889	4.751944794938461	3.6754684126473594	-5.5794580858107246	0.003372117388555156	0.02560355807223261	0.03397767739641199	0.49809617074145396	1.3638145960876264e-07	
50	5	90	3	4.584954377299263	4.794751653281496	3.2306945852881217	-4.793840060510344	0.050418054093249065	0.009754166553592477	0.9169320362052858	0.9241273590278289	7.419015256917655e-05	
50	5	50	3	3.7949463901384246	4.043604374080254	2.970098305204123	-4.826685484762154	0.4680852368823199	0.24175187242415763	1.9305776460873307	0.8094164697767475	0.00012947534132935697	
100	2	30	2	3.923051232236416	3.576012980071355	3.206774860091164	-4.7774362473618455	0.03047232961519353	0.12876189354956885	0.4430417463314618	1.5480044476928467	5.633881882550423e-05	
100	1	90	4	4.172312487062907	4.235556585316253	3.795963387599327	-5.174004592973476	0.010933749333030391	0.030260177908781324	0.29409550723674516	1.4526530977630092	7.998820454230798e-06	
10	3	70	2	4.8857957883192	4.3427515539045505	1.577728543087604	-5.072756633181424	0.05336693144560554	0.3042485851680445	0.08283674031572848	0.9715927101973385	0.0001471628663420961	
10	2	90	3	4.9317907491039055	4.897549234443531	2.1184466590253783	-4.774529717959134	0.07426348451987462	0.05460868830614662	0.43129657658927334	1.6629187633231541	0.0008559136901483209	
10	2	30	3	4.744577251150502	4.571296936797591	1.8147886953061574	-4.671759100839541	0.4344464789657505	0.41031267544134303	0.3329752550039035	0.770585903542027	0.0077311980653637395	
100	5	50	2	4.014847445430138	4.073743987376273	3.5586520916012754	-5.951017271167176	0.09054363700626028	0.018339210392637726	0.18862013156187898	0.22258660084958856	2.8475625283470788e-05	
10	4	30	3	4.644774613367976	4.380090940710923	2.1966277544256343	-4.8053959076803086	0.21800207288887602	0.4179615564917494	0.4130226373034017	1.5728984109726387	0.0025912038729331986	
50	2	30	2	4.136983052832374	3.812698078037147	3.909049455353705	-5.876356394279327	0.04002161512227505	0.08339327330625279	0.4300615832054455	0.5840078461170226	4.233815737873644e-05	
10	5	50	3	4.804211332139054	4.768335296867241	2.9875233853097907	-4.821498150784456	0.11174059594394378	0.045783326970981766	1.127040256555603	1.5579191345298775	0.0014107867832959828	
200	4	10	2	3.347533395226367	3.2638296858710363	3.671100023862206	-4.577501078690902	0.019284712738636457	0.029062587940364128	0.6753758926215516	0.32097563372423976	4.163200413790697e-05	
100	4	50	2	3.9599429288728207	3.9427722874007833	3.643557777571319	-6.023802526141945	0.0355168346917179	0.053238210333905196	0.30185008932032464	0.5336837323894025	4.790380366231757e-05	
100	2	70	3	3.989479880489026	4.035683920649281	4.096747081641301	-4.945362251404169	0.10960606251552799	0.047570416651273845	0.22595776293862554	0.890856400490751	0.00018203223830988658	
10	3	50	1	4.841915649697384	4.612886183999963	2.3771996005941443	-6.195956836319425	0.158205839031804	0.22793706772826822	0.4352644427320065	2.2387041946706616	0.0023239724522761507	
50	2	90	2	4.7279041835036955	4.5921267777615205	3.5560599311877783	-6.177539864278652	0.009286140761780418	0.050811810692380346	0.41060298319224453	2.406896078864165	1.741472383452406e-05	
100	1	90	5	4.219087842035263	4.406513916718135	3.4618901051204376	-4.912031885490892	0.02169200010615504	0.05227189835365702	0.3099820436926953	1.4537606622672727	6.889270814776302e-05	
10	1	90	1	4.7794482390455215	4.98558709294011	4.773041084581097	-5.825811682228566	0.03337227316780671	0.011888411256647573	0.05937298604010335	0.6691506385409793	2.6017560608022047e-06	
50	5	50	2	4.03050903183557	4.39949350628045	3.380830449935036	-5.929994533331819	0.252183795683604	0.049513950727094816	0.7081154316259566	1.2356358343229037	0.0006544387390104691	
50	5	70	4	4.679606218458536	4.663619381503118	3.8878765133993864	-6.643355157099303	0.010898296311977999	0.003164687129285883	0.10349466215097716	0.24871187594473973	7.97273125424526e-08	
200	3	30	3	3.762637558329405	3.5551845840802394	3.6679626223968693	-5.607332893434955	0.1990123253347928	0.10889354911194885	0.9022913829304234	0.6469835251098645	0.0005545688240555627	
200	4	50	3	3.7728515199197536	3.169972757749622	3.4095970266737936	-4.032099424543019	0.06263836662433603	0.17034778235983478	0.2489012258100498	0.43890151366331426	0.0005360452467489886	
10	1	50	3	4.77457517652686	4.871729444124954	4.626850031662453	-6.315358701643327	0.00626123383557289	0.02142637832532851	0.03601293302002641	0.25658386564876634	4.1947320917512e-08	
50	3	50	3	4.037537349113272	4.27819658824566	4.092381767325243	-4.13289836922309	0.032898567127322906	0.058725510106791154	0.6726576329911736	0.2875778750579273	7.931308242719538e-05	
10	4	50	1	4.7931738351403865	4.239612442411098	1.9646461980652112	-4.8047333582175495	0.09324191004012396	0.32025657642269073	1.121314899312291	1.9821295655190623	0.00493027231697576	
10	2	90	5	4.699646465669224	4.934408282847408	2.813262403939899	-4.019344473203321	0.4334950293179752	0.10121219203153545	1.2558811782957613	1.5998891844416487	0.00280861769315976	
10	1	50	1	4.465990162580246	5.025247907727454	4.140533947445764	-5.733564532041552	0.09743061057717882	0.051329340891394994	0.4297643973387751	0.5680701474606581	7.644155374905827e-05	
200	2	90	3	3.740623311231631	3.6773158389679828	4.076850819427066	-4.642871013166662	0.08546539713433654	0.03803340291059548	0.8238920042561159	0.7177028312065064	0.0008000657258440226	
100	5	70	2	4.015954799051557	4.237054865852565	3.591267579969324	-5.86354067239629	0.06394820409359865	0.0035958094820498472	0.33625638545606945	0.8586423077321579	6.219055411684549e-06	
100	3	70	1	3.8868461977245525	4.080937867910473	3.635081149943067	-4.0422117526495205	0.0354616357664169	0.016747542959882268	0.09877210673915582	0.23167384729617613	3.2148286751035803e-06	
200	4	70	4	4.006733214853791	3.4138040455109335	3.973995349355013	-5.0735919797958156	0.017726810971645125	0.07357936779292214	0.7284300103192121	0.9229336235198685	0.00028019369926510944	
10	5	30	1	4.968019015822273	4.061727194371143	3.2722369456036384	-5.3809689801288725	0.044198620956444085	0.33635424386594603	1.5127113878716687	1.1221185705144732	0.0010925752953533199	
100	5	50	1	3.895738340220281	3.8898417685169866	3.394338588792299	-4.444054645979119	0.10705907111598961	0.06384784562017433	0.44873474659214135	0.5472659980831324	0.0004603513148628114	
10	4	50	2	5.002766988195847	4.012469427681596	1.6095605853251125	-4.963442840250067	0.1591289843790924	0.497534430299459	0.24328105123869723	0.363825177408247	3.419472654221975e-05	
200	2	50	2	3.92592744125365	3.608956072914296	3.4216739906503033	-5.592117157816256	0.021749952352575166	0.0488948280556906	0.3112214939449038	0.9160368170000496	2.7272767480411142e-05	
50	3	30	3	3.794076561596638	4.179287678465825	3.418311313820558	-5.315031314411849	0.00857803608641452	0.04872909829671572	0.4186227708992767	0.400878266632675	1.2683276597156593e-05	
50	4	0	1	4.815908386130667	4.503658850324799	2.411112582264546	-4.3464789097651	0.14508072248112597	0.30865921225286885	0.951294463753741	1.0454474904915287	0.007066749324778785	
200	1	50	3	3.191825114108319	3.7493409896842076	3.4410691452814994	-5.348062928052154	0.023768103748251997	0.019666785986476375	0.0859114810771392	0.9952420375393973	1.4684793070063526e-05	
200	2	90	4	4.119339561608168	3.687890310218761	3.2587489557425235	-5.9602890718751125	0.013531331279219707	0.10374257123308532	0.10667782478512143	0.6903727867515529	6.661621273312114e-06	
50	3	30	1	3.9342220148721774	4.211069430393717	3.9666059962454345	-4.324012756560361	0.06723213189518096	0.016784146285984552	0.3182415826987614	0.28882685772394007	6.324075979153009e-05	
10	4	90	4	4.803325611113175	3.7725833274666707	1.4694088163278203	-5.434095944958268	0.19242316054489264	0.4841085358751454	0.3811989080317498	1.3122355688429548	0.0009255400935557506	
10	5	90	1	4.756422404617099	4.694972604165786	2.3625973254749457	-3.9947175003211948	0.17378886168134017	0.2749532885857602	0.9791455739501593	1.2260493921133382	0.008831082403908772	
10	5	70	2	4.693549784931339	4.471285648561707	2.028121433383979	-5.013360416463646	0.1607076354871786	0.5367856709186297	0.3492144790005862	1.2156002190721538	0.0010143903201538607	
100	4	70	5	4.324118878942854	4.172673829353026	3.8742295976742227	-5.4336753650868115	0.014198289543199625	0.0344776671990827	0.2258345719678402	0.3917071832678821	1.4555831380300473e-05	
100	4	90	1	4.272457301556918	4.244282748525891	4.208775322968421	-5.61256626360127	0.025655862820131946	0.05090964931215816	0.45102779446992713	1.2444594044285824	4.05299513875192e-05	
10	3	70	3	4.826645947364103	4.31506661936751	1.9321320603037127	-4.278782241713247	0.058256129561636755	0.19857969397041245	0.21003464124668794	1.4952923429525309	0.0005393120814819276	
10	1	30	5	4.76909892759138	4.940692392852453	4.304933259322659	-6.2315267825584835	0.040322548744864746	0.057131296531796036	0.2537597961457652	0.3821951392904607	7.922397052389956e-06	
200	2	70	2	3.87275561403404	3.6963303195523878	3.7032935475453175	-5.683258096942061	0.029559050468275644	0.08716856556631933	0.15876763922131815	0.9596696968769954	9.085062075776081e-05	
100	4	30	5	3.8786278681323285	3.3413078137919805	4.261560488082315	-3.9621375970230033	0.007911973928163406	0.036646828062681956	0.15338037519846046	0.08013068385386903	6.731244765872845e-07	
200	2	90	2	4.0444564148428235	3.9237381964072875	3.5661089633397944	-5.236781962105466	0.025785133712203003	0.06621623594353603	0.3684551920455372	2.022938117575388	0.00026556203227533643	
50	5	0	1	4.835054791476417	4.837672640092282	1.7908189892963355	-5.005028089391821	0.013367713206810483	0.06294557670274364	0.6147694813963865	1.2665322568110322	0.00010889239258661843	
10	5	0	1	4.984875549708916	3.9198870660218237	2.165098968338408	-5.139910060661058	0.16879450172147947	0.7504515324936484	0.6467714877343773	2.1136315939821753	0.03816815903006281	
200	4	70	3	4.022233410277693	3.782775223849028	3.800451475122008	-5.088787698993381	0.045519957085513665	0.0385232794232378	0.6626784618702452	1.2342831942469927	0.00024230372253590914	
200	4	50	2	3.885490443197559	3.1332493938962265	4.139264798640673	-5.822511190573024	0.05444425872500602	0.2951585103913591	0.9153548578601044	0.45802513460392674	0.00012404871560326328	
200	4	30	5	3.6074952306452244	3.1848030843439856	3.526436522846492	-5.268047401669803	0.0037688505115830136	0.012892411891664035	0.32436535240093245	0.6406410974854939	2.7247059809069512e-06	
10	2	90	4	5.058402509253481	4.331197765313795	1.7615533734394682	-3.743856599970501	0.14024613671841327	0.5306441047132557	0.658185470337598	0.5632110398727423	0.0012806312948097959	
10	2	70	1	4.366102040210993	4.83995529428194	2.2124886671154833	-4.945178122696112	0.5819098771699878	0.18885839643651353	0.18272877799131748	1.1290399178708819	0.0035601629221526823	
10	3	90	1	4.868399364742809	4.41333738347314	1.4747279713598975	-4.583637088259109	0.020740752981017022	0.501679242440892	0.20620197652586297	1.7985962923413814	0.00012975733284201988	
200	2	10	1	3.495199869009233	3.35057275596773	4.14845162335333	-4.29992866996478	0.01605580821721687	0.03315300127229365	0.2716179164107043	0.16738948085636182	1.0435694629349628e-06	
50	3	30	5	3.8816068752935413	3.87935135655745	3.7975659794891423	-5.489355126153667	0.08436991352633803	0.10525065250213257	0.18645235076689712	0.7909745442659483	0.00042805862127803665	
10	3	30	4	3.798049927161426	4.835297509355753	1.6549936819647881	-5.144749593295392	0.7731480865679649	0.32492942364591676	0.8294344673513195	0.5734698003560754	0.006106295028138143	
50	1	0	1	4.635648322146715	4.616218510786297	2.4763373462634224	-5.079498980074736	0.3734675421929706	0.2642212407516088	0.26830770333529463	1.2554860425165941	0.0029267572653371454	
10	5	10	4	4.579141360364768	3.95901362198913	4.078879793246753	-5.612909027604365	0.04086585669647864	0.2393512104730338	0.23962152346196425	1.0411754512600977	0.0002601968512515776	
50	1	90	3	4.793490837737731	4.618095708400609	3.9724411326561273	-4.999222561334942	0.007015393365715362	0.02129464179040111	0.436204223539908	0.367922823847197	2.69766574775534e-06	
200	1	70	4	4.074521946762456	3.7943364794742753	3.2669650771448193	-5.304745001075328	0.026744272876736353	0.15398502130921188	0.2646684704018382	0.5804194371995629	3.3689622901429305e-05	
100	1	90	1	4.329940926029761	4.196724483839647	2.9337413325235477	-5.544526543709647	0.19106626811401065	0.14039623478839328	0.06744093321495437	0.14139306755411873	1.074980248253928e-05	
10	5	70	5	4.540725603266598	4.785053684099233	2.830380289361788	-4.822296567927079	0.39869837605463965	0.0898806673368565	0.3447483396846733	0.5031383618868751	0.0010841325919173693	
50	3	50	5	4.057318186679946	4.469272271480248	3.713728084872614	-3.962535374419791	0.09113526051534328	0.017255514467052424	0.6391978497420824	0.6526910380780293	4.167756411045401e-06	
10	5	50	4	4.686026086627245	4.767136310183491	2.7287128393693942	-4.813894031701997	0.10987398147098608	0.07864074860720843	1.187622697600698	0.8600417062055298	0.0033193053752322964	
200	2	90	1	4.188591662509779	3.968705073705235	3.818749006894256	-4.702237473138488	0.03804979298627748	0.011200208175280538	0.47571513081750644	0.2765581871776646	3.445519345354028e-05	
100	4	50	1	4.062765479107784	4.040127195161649	3.5031279329569003	-5.225926377874667	0.035898557053392295	0.023913018922752795	0.4663507373821946	0.4010244385531802	5.2578749410582605e-05	
50	2	50	1	4.061486834903125	4.051869822160705	3.0779278584761474	-4.579733507649208	0.2602890192101374	0.12324595142641975	0.6920334342395218	0.46677761408590773	0.0019210401986647957	
10	4	90	2	4.889534262086628	4.300743750945984	2.448271365504072	-5.099407970605639	0.055105242519753746	0.3234492986179706	0.5628961868736005	0.5903872433144866	0.00041640140873589615	
10	4	90	3	4.632503331155837	4.80688213632853	1.9549654862672434	-4.694273840313683	0.061086710530998595	0.18216954606274322	0.374842918482787	0.5828707360197636	0.0004702963084848375	
10	5	70	1	4.870589359440987	4.110296954232624	2.0132950821542916	-4.367917666932787	0.33489473763611194	0.8787513507133151	0.1317135242793953	1.6963979782983398	0.001081090792542844	
50	5	90	5	4.705736117063377	4.685473417674024	3.170873689277712	-5.367255184345768	0.01290823990342893	0.009462696128696844	0.1520272268320671	1.099632042181061	3.021207488539807e-07	
200	3	70	2	4.112791774941459	3.623536302519834	3.1783444074699596	-6.268730209124141	0.0628487345990481	0.12142426212369832	0.3155331141249588	0.35439508528047436	6.158689997976786e-05	
100	2	90	2	4.561418755241088	4.060633306571397	4.03235470563161	-5.195432798480858	0.06681610538109667	0.10440228997464451	0.04075773625464648	1.5637727466506777	2.3336604200130284e-05	
50	1	70	5	4.642896273990288	4.5479809279435806	3.816286745708069	-4.908926980871927	0.003427790598203882	0.02042134803672132	0.5365025927568786	1.3441582814908353	7.873225819897477e-06	
10	2	10	4	4.53941532399586	4.481962243423319	4.202405310518042	-5.593596161384946	0.09204688566654456	0.022176043540901143	0.1804095699009688	0.6007899173514089	5.8394782914668355e-05	
50	1	50	3	4.258137189151547	4.334891980086536	3.51522540184569	-4.3355900299414465	0.043739386621927764	0.052414959410805574	0.49417559948884976	0.9590090898777905	0.00011392640117534463	
200	3	90	1	4.207398442676523	3.5954002773837805	3.7514905757838113	-5.012874837735953	0.0634788919258402	0.1984959927812481	0.16017935195950003	0.39086799708551656	0.00018830223592929406	
10	2	70	3	5.040541147802009	4.209302202739278	1.6463107119767957	-4.77851653345178	0.04968344748081444	0.29787758455848506	0.4010876294954335	1.2300214117281578	0.000361298625996135	
100	3	90	5	4.354749133517138	3.94243607864423	4.3284175598698145	-5.579308180440167	0.06972797112970336	0.15256114858004696	0.42551324856995704	0.8227281925332303	6.947154191362496e-05	
50	1	30	1	4.2592059360684775	3.9704854638360265	3.9385685687989382	-5.07476247624601	0.01073032376049069	0.18861113091010165	0.36655582917619356	0.29433628467297934	2.0702486878664744e-05	
200	1	70	1	3.764685998126045	3.8161959987999157	3.4770831160478117	-4.889815767685131	0.20193386738243632	0.08083841442909885	0.05985069371949075	1.3534884951459385	4.928901517212746e-05	
200	2	50	4	3.610989557983316	4.003295447463826	3.7554360191522327	-5.407708314035294	0.10200896336613886	0.04338452794851919	0.6173867159840671	0.7012353992621494	0.000857721862809951	
10	2	10	2	4.5079482970516604	4.70350848083051	4.199724134766912	-5.170548822924745	0.05974388867257594	0.055451183733384014	0.3326994860423614	1.4526469806325513	0.0008830532892152378	
50	2	0	1	4.9082072605837475	4.54625032192691	2.708872905770555	-5.109774457539577	0.02270859102629697	0.26631343189079093	0.9385842301022088	1.3383010822395953	0.00034979623975771995	
10	3	90	4	4.450225041818826	4.842207257529455	2.4105812066300816	-3.849659297895738	0.04501798088621157	0.006070134586013057	0.7870650704485933	0.38618551736901163	1.6878706293704102e-05	
100	3	90	2	4.2762553424395975	4.235595583239848	4.311063981550248	-5.628862748942251	0.043667829271431764	0.008491489439356669	0.5153939612105924	1.3125760080589906	0.00011483135290280169	
50	2	50	5	4.348590911730288	4.153373852293542	3.7454340773778902	-5.624969391309114	0.025356792218577198	0.03327515295808667	0.569453450039175	0.7372164994161805	0.0002891126147166932	
200	5	50	1	3.5042034301616316	4.019690823395463	3.9255395013436276	-6.023996546875182	0.04087482792342259	0.004572452896697528	0.3234348801371948	0.66329025649893	2.4469549098184045e-05	
100	2	70	2	4.178844138128499	4.144495403235973	3.6243080778561607	-5.524011740553982	0.02624797802102627	0.12610827945065234	0.18635271869950648	0.5598962505377	0.00012339859564082658	
10	1	50	4	4.767017758207317	4.918741288287458	4.655967137855302	-5.67273114033481	0.003663178826137318	0.02602742382943025	0.07072366500563615	0.1811597462755299	3.65853188590202e-07	
10	4	50	4	4.993130983324901	4.008501571986393	2.2879671251083393	-4.2559250871135506	0.03942552373946275	0.4046914542060227	0.5345270768106862	0.7535464871409744	0.0019672209341325586	
50	3	10	3	3.4448117001579273	3.9063076092583473	4.108971757641559	-5.040681913789914	0.036125533113977475	0.029381483882560983	0.10265259927592953	0.5246946302969036	1.3326419600028667e-05	
10	3	10	1	4.235826560675302	4.356400309979	4.070183853820435	-5.381265405366449	0.026723172797337727	0.058589073125181565	0.12128011105171908	0.16380330712610985	3.0739466805196054e-06	
10	3	30	1	4.603380267272778	4.204723366863933	1.6967297911929426	-4.834960799062585	0.28598621389315754	0.3471843053403572	0.44312087695559527	0.548900467859232	0.0006977716563288905	
200	5	50	4	3.6042785901778585	3.969733499537461	3.661659755801178	-5.397158590226821	0.037409972635413416	0.025188661636102106	0.31853525594776283	1.512487763969405	8.256117975188457e-05	
100	3	70	5	4.235009843496743	4.118034208750581	3.7882997741278785	-4.110511926101638	0.04736167313174675	0.05546350254323445	0.48179571114602004	0.3242734227592113	0.00024002168500385115	
200	1	30	1	3.568778139532975	3.394135315117294	3.13563118036698	-5.321409626410503	0.02424186823094752	0.08534661228743014	0.2728052394636184	0.7449415341547929	0.0001580512205034279	
10	3	50	4	4.482677199827226	4.754647074951639	2.033611559203695	-5.24117118496413	0.08622508587424783	0.1699488391824831	0.5497344860028945	1.7211013363284395	0.003424880223454695	
100	2	50	5	4.075293224189196	4.310312624158882	3.905526044284004	-5.326234826703525	0.03116593801116419	0.021766184324941668	0.4833980368013161	0.8884113586222055	5.6364077575956094e-05	
100	4	50	5	4.155715539841821	3.9163286812147953	3.7392265183641107	-4.719110217573647	0.03984072157664422	0.13304314813122028	0.24376135319830222	1.0198197141036653	0.00013016439632766027	
100	4	90	2	4.057139685632467	4.245676904242664	3.9585666259494463	-6.268488868295527	0.02627420922441247	0.02772217809732052	0.14721401158812492	0.8698646372302601	2.1472276604761957e-05	
10	1	90	3	4.544311869562769	4.992641230680038	4.4167328021796655	-6.20755878501416	0.16666403623554232	0.025568449896494167	0.23098147026898266	0.6871392515055795	2.357864866590044e-05	
50	5	90	4	4.65800329924782	4.703077846788379	3.455113492485176	-5.953572351938604	0.010533300643367478	0.01795340301120733	0.07480028406662205	1.1821223098225382	5.4655378674474035e-06	
10	3	90	5	4.778647538937182	4.4914045058533585	1.960216705457242	-5.14428164471838	0.07782567583335336	0.38708702728529387	0.541972791806102	1.6563219012484314	0.0010633243004726052	
10	1	30	4	4.815097997168353	4.870818902044656	4.396701963416842	-6.223329811170776	0.20464722454549147	0.05792038372976007	0.5954569883274066	0.466009029023404	3.614429072077311e-05	
100	4	70	1	3.8720249459977536	4.074590432248511	3.88159497380858	-5.1595956170280415	0.020451278234242108	0.011752340704408743	0.8568226941514889	1.394682051919638	0.00010717664936471889	
50	3	0	1	4.9971139775111215	4.567915508971544	2.427309298835097	-4.572781963855854	0.01630231766116606	0.10230570476830135	0.7848609858247296	0.8489657588156929	0.00010720663496123428	
200	1	90	4	3.9981475614940765	4.022079162273507	3.9299096929885025	-5.788665638620354	0.04329591806641516	0.09076047244819992	0.5151720046691584	0.9714020634162908	0.0006701265388382432	
10	5	30	4	4.805037931810212	4.706187592046006	3.8308990182685903	-5.17033586106633	0.1463932710078195	0.10114566899038362	0.8296687794740742	0.8907680813615294	0.005673420075350024	
100	2	70	1	4.24365673660518	4.4522827161973915	3.185507485227306	-5.3106905174512695	0.30317664054168986	0.02832714163228728	0.2074997918652829	1.6542319455638408	0.00027666831700635605	
10	2	0	1	4.764555674555406	5.204074430866779	1.9135165600312491	-4.544641029632954	0.1656860082795375	0.06668418323196841	0.8936600979774573	2.3304187256985056	0.0036297045567730323	
100	2	0	1	4.995052800101242	4.708217968809034	1.5929646202209562	-4.921473876984652	0.021402287119261353	0.1475365861264248	0.07816713498117159	0.5300784703884377	1.602883626281242e-05	
200	3	90	2	4.233195438229617	4.086065873204655	4.132133320568512	-5.934244814067649	0.0028047606192580414	0.03536611330040906	0.2525394133357627	1.055712102390027	1.242669487177179e-06	
10	3	50	2	4.199125777514496	4.685117212586522	1.5941977159379745	-4.061257003648053	0.5425194358303833	0.29498318143100155	0.17902120094274548	0.683280800811786	0.00044873552896888407	
100	4	70	2	4.040261269568425	4.13506419059347	3.786878970909651	-5.55009485544794	0.27181114253856764	0.16508999821955786	0.29334956045672017	1.7002897233189114	0.0010118535333337108	
200	4	70	5	3.84949254891964	3.926425248921384	3.805271319373127	-5.729033511611714	0.02487925403343278	0.1268442698868317	0.1287724457094978	0.8599415723900029	7.724845920728708e-05	
200	1	0	1	4.846775985995708	4.710271379627881	3.9209104532230463	-3.9580310230263684	0.008955650840316185	0.058725445317385994	0.5476631025786804	1.1032691439539346	1.190700630071735e-05	
10	2	90	1	4.809929810718082	4.7462245633372095	1.6279968034379366	-5.001368307089997	0.1274727600350992	0.22402836418670974	0.4954101444535442	0.7224211593239416	0.0016152716985691207	
200	4	90	2	4.051636279490268	4.073713840658731	4.086500857900242	-5.581551069503767	0.03765119738369577	0.030938563093154042	0.3513551397343603	0.31083626984373464	1.7487914777710013e-05	
