10	3	10	4	0.5878864328060182	4.41135962190115	1.5223359275508905	-2.0270371441578825	1.7924495803118066	0.026078655749559747	1.4436253825985492	5.753616501171525	
10	4	0	1	4.792140208813807	4.367780602523774	2.8819848534751755	-4.121762654403553	0.18722827419481577	1.8900299999550874	1.3724402065884074	6.211348812120046	
10	3	10	5	0.8752288611504022	4.450056643088614	2.2849703906858108	-3.73873627218533	1.4062107614466894	0.0262618305063737	1.0299126202341595	2.7040495035899617	
10	5	10	2	4.610142558825798	0.9747270951393029	3.71639088420873	-3.9842354764762384	0.01778914600632865	0.8885016035003079	3.16931333509744	4.091733284947741	
10	4	90	3	4.740807848566133	3.9016616009844585	1.1051068378340245	-1.9455659062108506	0.1579528860302165	0.7116099100459125	0.4541433408786151	3.1773979036824236	
10	2	90	1	3.9892325172270553	4.964563811599663	2.1927345459154575	-3.885403595387403	1.0686483254047587	0.05452675434724569	2.8880531379176158	3.935570255087561	
10	5	30	4	4.671874739950545	4.361199007246731	2.878159558386408	-2.566015515259175	0.20650724279915447	1.6193700478271784	1.6401493343799005	4.145177516136459	
10	1	30	4	4.599755576930045	4.716428537454393	4.64527980598472	-5.505459842092803	0.14477341411293862	0.020706733167968096	0.5517760817336435	0.5918975787349599	
10	2	70	1	4.950995686618291	4.413271530209695	1.613772323339685	-2.170018136478703	0.18753261480292363	0.8398707453536745	0.35538649351399365	1.2470926716623396	
10	5	10	3	4.581753652326026	1.4111920685066828	2.227540696101597	-4.606280806834514	0.02563472215227288	1.51623139180445	1.145694537487548	2.8206346125438713	
10	3	50	1	4.507151255903979	4.083002320578967	1.6596091175571968	-4.526887860120024	1.089942741846222	0.4423394790186188	0.5367290012467419	1.5203185171147202	
10	2	50	1	4.448719302449441	4.902464780173384	2.391555834793347	-3.0782436254372163	0.5521362428598289	0.0599580597887659	1.8278709080688673	2.843344106078636	
10	1	10	3	4.740833651170469	1.2415186662517101	3.047508766756453	-5.948284896052534	0.008903951960022896	1.3430409215686945	0.8853452136295217	0.24599427776589866	
10	1	70	5	3.821832971242885	5.016002936564756	3.950047311080903	-4.1086720248228765	2.6398358051633606	0.11507538553087643	4.672912235760792	2.9700753849998422	
10	2	30	4	4.827410711581117	4.619910618287378	2.053142939815281	-4.965658124485276	0.13812392869626897	0.28922643979772467	0.5324383630128573	2.1921679167295065	
10	3	10	2	2.2792486925131312	4.392815408829884	3.990125635307796	-5.45696831927215	1.66000019988542	0.02348202148485081	1.4607900746429376	0.8747397765387341	
10	3	70	4	3.889070395641721	4.79106836818047	2.1833998463431135	-2.154357420383734	1.5591384300087265	0.07982261965548947	3.2655584598666567	1.5770166288746854	
10	5	50	5	5.004823172866438	3.8509176829526535	1.3486610754346544	-2.868036819265701	0.020290774662959983	1.1402986741045382	0.2528363620322817	1.5917785017047834	
10	4	50	2	4.941578846974304	4.194103020498228	2.576933736817235	-5.358491493119172	0.07292160286517461	0.4957428596099106	0.7074707446322198	1.413519836824899	
10	1	70	1	4.608249274123313	5.04711112645461	2.7708878107560166	-5.423575700440881	0.15185583268844807	0.024597908948208427	6.321157685976394	0.62302432748004	
10	5	70	5	5.088507905079299	3.875398617152063	3.3134358488195113	-4.79866194799753	0.09529700110554899	0.6095722600939366	1.5634482779677725	0.45620086708637747	
10	1	10	2	4.746447641127148	1.9637558299899716	4.4049056713065955	-5.182795248898564	0.011301170287606837	1.5256887958788072	1.3030025195039894	0.6134646974400844	
10	4	10	1	4.18511267429956	4.076873695626811	3.200155216835814	-5.565991894145595	0.11452381312080953	0.9394418297640542	0.9562762126850876	1.708891165193273	
10	4	50	3	4.946888548512629	3.5617597851395533	1.6775670516485426	-2.4090560857927454	0.02043478160559587	0.9930241331406147	0.8737087854327605	2.0429404677601997	
10	1	30	3	4.548478426019576	4.865395009318987	4.259350870032747	-5.919920907049511	0.3484650746080735	0.07350502290699473	0.7904051364427349	0.1513553278811963	
200	3	30	4	3.7853884728787737	0.8101337214268908	2.634661834433338	-2.8850453393355413	0.044281161441428414	0.2132260533670789	1.1716197047960493	2.1089069506964933	
100	2	10	4	3.4656717160146653	2.1707584563755438	2.9637720301053094	-6.40536467500466	0.9150252495758758	0.6956961533042525	0.3455918343786148	3.244001428916999	
100	2	0	1	4.966438787239828	4.636263368430733	3.9020720712734054	-4.203033187268669	0.04628940769285436	0.13432025215343418	4.363289571760515	0.5988553268706205	
50	2	70	5	4.472835581388961	4.045261058256982	4.342062031156336	-5.580825019153688	0.055557748168362245	0.1732362497949078	0.6436311808385051	0.8332853000692458	
200	3	0	1	4.439208415176938	5.571691519978815	5.481932590898962	-2.715814500716316	0.023426685533961624	0.049770092625251706	0.017674011808214974	0.033783507729062884	
50	2	0	1	4.686557593560793	4.724481887903186	4.354593212494545	-2.927405161881558	0.13935082385729589	0.1542706383791288	1.4125112672051516	0.6653421140225194	
200	4	90	3	4.447185958473366	1.3580957544736973	2.8282367191999063	-2.5768639958874435	0.14278864781624506	1.606704255039343	0.7846617700655409	3.512578152675696	
100	4	90	5	4.142262826754846	2.0842337502470674	3.5023078954498312	-3.3648118191300345	0.12339500614672186	3.459498656703636	0.13714852413978462	1.9466584610204896	
50	3	90	5	4.183381952703219	4.775573928380966	1.916286984345152	-4.719377217795099	0.1849430019747021	0.033030551755472065	3.4807688780823027	0.7484957117246765	
200	4	10	4	1.7303037376707517	3.2968578809940374	3.1322155781648116	-5.232396591633253	0.9140077346632626	0.254019735952522	2.067046553320092	1.6319626664851066	
200	5	30	5	1.558182586304496	3.8919125405463353	2.587066167673727	-4.136162478823388	0.9651013914839764	0.041377779266659254	2.0292916309811915	2.2165604631088347	
100	4	90	1	4.275391311271477	2.498905459091883	3.802314563759783	-4.214626406134506	0.11369519029467527	3.00330254900854	0.15855525617222926	1.6797147118265294	
50	4	70	2	4.777070701843692	3.9063457919685276	5.426711757969984	-3.636168173591617	0.09057990402556303	0.26629937444398	2.1194639944881026	0.7844757000244634	
50	1	70	5	4.815141860282262	4.198488564592833	5.191921318769859	-3.093508329417152	0.05082148740598858	0.05796350652374756	0.7939949995106187	1.7482143893721926	
10	2	90	3	4.582489701038128	4.9470638117278405	1.7376305222760562	-2.9295670357470636	0.28376390598120854	0.39124072283031924	3.273780818407462	1.4122241678769418	
100	3	50	2	1.7987980302489972	4.320916562906208	3.4925070507739164	-4.289171284504864	1.7277108610402352	0.043694826047181105	3.8204397664440313	1.3972514964811014	
10	3	70	2	4.552520668371488	3.403257823961426	1.5257409805462447	-2.717389400111471	0.35648819682859134	3.1233874284091163	1.363109898601892	4.795562791229352	
100	4	50	3	4.194218099838753	1.8232899260901099	3.1415143928046447	-4.370240309132668	0.031611859521933974	0.5422629545724236	0.6237805789063529	1.4363749291321735	
10	3	50	3	4.829205060454827	3.6966893722493057	1.9048166196973209	-5.2196308516618135	0.11364826580008439	1.4687074148580541	1.9805313954487285	1.0010702477592335	
200	4	30	2	2.238522176986043	2.549466294731579	3.1505118654220574	-4.50712517059399	2.1951844219740226	1.4280434300248936	0.5765390838750477	3.4525039048092907	
50	2	70	2	4.694563705139353	4.4066064840696715	4.501359523212777	-4.111026072877985	0.010417788106841464	0.11838968134503706	0.2663401528077435	0.11575106459017832	
10	1	90	3	4.339527512703383	4.851772262462194	4.178825122716062	-4.80991899696635	0.6154933210445785	0.15879964960640552	1.290911271830078	2.0599602312034357	
100	4	90	2	4.3378870583229725	1.3994706706041284	2.5462689742895526	-3.9624253741821303	0.09408939611885035	2.962920738935144	1.0238586975588113	5.587999284195554	
10	5	90	3	5.044877215102864	4.7059554630952	5.293049819377054	-3.8844513803196534	0.13226674035172017	0.06761414502720128	0.3584257552553176	2.1840133042466396	
200	2	70	2	4.0336396414664835	0.7694476698588719	1.5813776446774122	-4.331267766977818	0.040802315079792977	3.874032416348441	2.0214989765375786	2.772541443989977	
50	5	10	1	2.403582723636112	3.6889138168542037	3.4948249102897435	-5.79640134881552	0.6030452689186372	0.030933331617852913	1.3905104985742278	2.6153556111075393	
50	3	50	1	2.0762752304830956	4.231529842284508	3.3639911610216	-5.114598490122696	1.4525192984988065	0.03298955734347938	3.887593836143192	0.31594079876263803	
50	3	90	4	4.47390236309143	4.70289605342343	3.114456547699027	-3.8830856794120896	0.08027540793216559	0.03586013761494714	5.683101984007405	0.1320984070414607	
100	3	10	2	2.5154237984728263	3.6333696819025816	3.0060327039636072	-5.2840471900333394	1.455723148400549	0.05551507564234241	0.7235889446903939	1.94950150636408	
100	4	90	3	4.5766502089378465	2.089189199578644	3.5747762864615504	-3.117157981118652	0.09643377288959055	0.972372415533306	1.360092416236333	1.7045715776415455	
50	5	70	4	3.9897326867931575	4.675963161484536	2.3366773521420594	-5.024048924965501	0.5144723233770224	0.05152056668083795	1.2980264286438254	2.6240582749006176	
50	2	90	4	4.581534263413941	4.30794335388653	3.2851444186858494	-5.20626010821605	0.013206402669566571	0.25041976939969707	1.603988702638366	0.9062135175694048	
100	2	90	2	4.556934550268575	1.8620584210945927	2.833732059582995	-2.373766384530328	0.05563143682914826	0.7515360422396027	1.7566488588266802	1.8012429763108584	
100	5	10	4	2.1191491050605458	3.61742848623731	3.188841208130858	-4.61482716022337	1.2138167253646908	0.016945119267868344	1.892190054339882	1.8487113044171595	
50	5	90	4	4.569499649979295	4.67810044124305	2.420015737978535	-3.9395538027380543	0.08089791719053782	0.13845370434641882	3.6358435374782387	3.3916755524794864	
10	4	10	5	4.068537073430905	3.867946276929584	3.199478758268695	-4.072150328800022	0.6008269270237796	0.4288985369375055	3.0764770070293848	0.6833421823998881	
50	1	70	4	4.613046509642427	4.4703040452235125	4.5747641129747	-5.20574211649	0.010372839296330674	0.013561576976077353	0.5543559966863648	1.6425584327639586	
50	4	70	5	4.516147939732228	4.5410975927543555	4.486985643264884	-5.242157475503135	0.0450026616063896	0.07850479561056249	1.3296952961670905	0.9204348438743187	
100	3	50	4	1.3969823311262226	4.209369589492399	2.74161346614254	-4.019537743441571	0.7336540501919345	0.018401397160925422	0.5595057561279351	3.0815723505683947	
50	4	90	5	4.576932954229159	4.704722292084239	2.8476790473942453	-5.755823945218591	0.03615687413342747	0.030017733209701716	1.7536009058322952	0.30358456451787696	
50	2	30	5	4.099985690571737	1.7248449826926693	3.4730618551518946	-4.818041179038884	0.05038082876124983	0.6058786100521459	4.418070222127313	2.547810568461107	
50	3	70	2	4.423111910975968	4.80151380317909	4.045797779982856	-4.887405106005999	0.037557958188061374	0.009889920645422786	0.4814332748496789	0.7014089563172997	
50	4	70	1	4.618653368920137	4.570633393742635	4.560931881553765	-4.654835166722252	0.031668123281792526	0.03033622960636106	0.5021925485296594	0.19350231115373628	
100	1	30	3	2.059734115981891	3.8837425344273675	2.583147260584227	-4.0602541411791995	2.3036819358225227	0.20128300117940023	1.7291948741529455	4.661287858460759	
10	3	70	5	3.21819819701156	4.863990446026494	0.9091338726583227	-5.633744468350337	1.336390805519744	0.19229926001508743	3.0865832899387238	2.4042162911064238	
50	1	50	4	4.394498795619729	0.4240089996950836	2.924258140064538	-2.7453307054134175	0.032803916361986304	1.0239775658688952	0.9289181853821457	1.0295670824825311	
50	5	0	1	4.682506707444311	4.809798406054627	1.366849174594287	-2.5294773923334497	0.07295380731674457	0.28897031560023045	1.1882035892480007	2.6630787986309516	
200	5	0	1	4.329620118586747	5.41052916499798	5.519150723882484	-3.5597423655720406	0.06616137875306752	0.07865011998066111	0.7333069602533363	0.08737489529534977	
10	4	10	3	4.270631692877243	3.8109893159954984	3.5545452144386207	-5.525439508457037	0.08318093700216347	0.6975019811787782	2.4195872787326502	0.9680440349831485	
10	4	30	5	4.4862454079857965	4.361195876757808	2.5805669857449782	-3.9547904247755588	0.367810899336568	0.4466051305454501	2.4473742233838816	1.7664100456945204	
100	5	30	3	2.2813183039520593	3.894507806726261	3.811842500408235	-4.6299957402153495	1.331730002454737	0.05620888412890638	0.9343135475018425	1.3694588509448384	
100	1	90	5	0.9762631284205281	4.378416267156095	2.3950752257997125	-4.361007960732234	0.6311433395715589	0.022984434385033347	2.782263899759448	2.7618250574335956	
50	5	90	3	4.625191463095328	4.57408390572103	2.0617311858759404	-5.158157946543839	0.04587402378523393	0.2294225763268748	0.7836894158691972	2.0328685008157126	
50	2	50	4	4.267458277643901	0.8568291319530331	1.8088111847522939	-3.402915784080228	0.010739973175063276	0.3708472919198631	0.8732943166282563	1.8191031903305697	
50	5	70	1	4.4347300137667975	4.4560865195127635	4.1139543845898965	-4.04843616103974	0.0334118559905518	0.037591536041449186	1.4412973560900286	0.3607734859810551	
10	2	70	2	4.124234014390398	4.90161202649317	1.1729218979236717	-2.89137991714922	0.7159206037471315	0.3689366121139944	1.8774266201998497	1.2067600794331244	
50	4	90	4	4.610763035724393	4.721055929322806	4.322370296716554	-4.148403368592455	0.003932692768452373	0.0038787666007602545	0.6698993903633095	0.8084957963039978	
50	2	90	1	4.741244360417149	3.8527786880875854	3.4412829589916827	-3.8466517790219235	0.012296170305081925	0.6020987241268858	4.664457844774432	2.9052992679815026	
50	2	30	4	4.220738926571814	1.4144306818136168	3.1147296676043883	-4.265243616667356	0.052771386141967885	0.7713684008511354	0.5434352424545673	2.8311484759334586	
100	1	70	3	1.9775050575922093	4.270806686746003	3.1254344692485385	-3.846180585640938	1.50841437791022	0.027025907081884352	0.6946438693632485	4.231262430499889	
10	3	30	1	4.642690522864295	4.144148047397247	1.0455449878040075	-3.7460216532571797	0.3217279766620443	0.4049891545345842	0.9783448566575321	3.179928464009111	
100	1	70	1	0.9064476916626286	4.507256716707333	2.687464340782903	-1.9492915196725955	0.20393589360661205	0.08090279205418462	0.9614349898076601	1.5589223782525785	
50	1	10	5	3.8016826404671713	1.1377771200161573	3.2026973027420853	-3.783652129697131	0.039443447502542486	0.7264724861235335	0.7557956198526306	2.065990268892113	
10	1	10	1	4.804404623124765	3.1758960188503584	4.926082921420343	-4.660125809590987	0.028759367471838947	4.018579236482012	0.4390698554559071	0.9453726727327963	
100	2	30	1	3.8612706311723244	2.729898944359307	3.377763697110479	-4.1657152901776975	0.584634753829239	2.6725209384147526	1.1382406490788513	1.7831127617179594	
50	1	70	3	4.685053346806456	4.2868734066264516	3.294244339567853	-5.881780093562216	0.015113529890790843	0.12490189931232115	0.9073044923158868	0.6382971784566573	
50	3	10	5	1.31762578983311	3.8688786121169527	2.633143059846854	-5.714002840008792	1.5674421192363601	0.01595984972046824	1.7236896891907256	1.413611137392205	
50	5	70	5	4.348279183490694	4.638920441369983	4.318006998662292	-3.9729016434327136	0.08327292801753539	0.030534624705991813	1.0171175425164365	0.3239341384220183	
100	2	10	2	1.461044428239554	3.7069251473312606	4.17370831510976	-3.9117158791271907	0.8843964942106501	0.2699007651184864	0.822657695684247	0.3579044794570482	
10	1	50	3	3.9678848241972755	5.087657049898374	3.8299133630833233	-5.596788279731994	0.6605400920434665	0.04718204706101202	2.6449495206581575	0.9043817702706197	
10	5	10	5	4.458411744950084	2.9217282546649233	3.638911913432145	-4.7631283205549675	0.018128958195022592	1.622163685120261	0.8980231964440717	1.0328167871425422	
200	1	0	1	4.812153634787804	4.758758317093617	3.7035260830074703	-4.106686560014451	0.054920735007999336	0.02975836764972034	4.322032839979244	0.8163361967278377	
10	3	50	4	3.535030886721441	4.993584084891022	1.4444908175408806	-4.1860260879338504	0.4830954723114733	0.006214897517974159	0.1467347086534784	4.112516686762392	
50	3	70	3	4.330615668438371	4.631833268782327	4.067066521617407	-5.250678996692359	0.10271995709825074	0.02073730227243871	1.644691716453391	1.1960988823569598	
50	1	30	3	4.234429383452642	2.242672419096464	3.326997901624263	-5.384947999446539	0.022142909588365064	0.4920541947081132	0.6224935934401482	2.5850097903274905	
10	4	30	3	4.75610352076516	4.076441890653971	2.1277024890363934	-2.859369690903783	0.20011507442012547	0.7148547797737084	1.2106300049017846	2.384602599829513	
100	2	30	5	4.163717922829197	2.1806853747090957	3.2513529636450196	-4.320314557824627	0.13630470961367422	1.3175890674129034	0.37721117943556837	4.2074862051745745	
100	3	10	1	1.6852989389913287	3.435079572697153	3.608525018818061	-4.8424565759081055	1.1487921581916918	0.0822660499548029	4.639500583108814	2.009363754201295	
100	5	50	4	2.168540341703526	4.514518083305749	3.902003110352986	-3.685058308162687	1.0541927593471077	0.5740272659677472	0.7755746940341038	1.2495793491198959	
50	1	50	1	4.339321145145563	3.0984233451857945	3.816618342619643	-5.287337737241241	0.040860985996712375	1.202443189866776	1.1340007319280543	1.2198310465108855	
10	3	10	1	4.102110500331341	4.378235713035399	4.397979203621032	-5.317589097699933	0.1043205685060255	0.03961671605928024	0.4089567075907228	2.6288132926790673	
50	5	70	2	4.6213500387352635	4.554773239960181	4.367009771420058	-5.172196547468589	0.03125876767555885	0.028831725134785758	0.8623875909048533	0.9025761902541174	
50	3	90	1	4.567767901407254	4.822922375145164	4.170249929769235	-4.654415397627533	0.056412951664864076	0.006658379874284083	1.4420383897697195	1.2082847138212078	
50	4	70	4	4.557842207804497	4.5755004960059225	4.191646885952158	-4.8157416507581114	0.016246937677825483	0.01354514083117292	0.5241403751409294	0.3010687570259891	
200	4	10	1	3.6089735542171892	1.0686919225176263	3.825368294421344	-3.182009659473956	0.05447442580755449	0.43037259068432004	2.5378786571197827	0.820954285727349	
50	5	90	1	4.277524363568808	4.78481457668958	3.3633839028047148	-3.094472172095367	0.47731302132367703	0.04178250178044462	4.043195445926945	0.40217673613974986	
50	3	10	4	2.2718286591151355	3.7022090600720072	3.1985551343785072	-4.951085156805802	1.3045152630099246	0.2270364410019464	2.2250965174824087	1.4127812303641778	
50	1	70	2	4.625620271385401	4.588031694365167	4.032459854176221	-5.794304516688032	0.010427593415457409	0.007255603349540169	0.3605660862194328	0.7565047984375308	
200	1	10	5	2.0442144014655206	2.7250598059486935	2.849205619356439	-4.966370102827409	1.301665438752554	0.834590085081021	2.4547470044123565	1.6529783824525852	
50	3	30	4	1.5335781867581686	4.050627659115391	2.772536933138299	-4.33987609524277	1.6330276604150187	0.044692875577032984	0.5904419615680193	2.2212164202464257	
50	3	50	5	1.8716022377286698	4.303773509238031	3.0601082351723523	-4.345213883228842	0.7435906482536477	0.026846830717526762	1.393188965999196	0.5093782088110541	
200	4	0	1	4.7490692832601535	4.9964428541470784	3.837911502232213	-2.789203581965317	0.0912009856179117	0.02024384413747196	3.691182372197142	3.289811068452857	
50	3	90	2	4.5687710050433035	4.6624852772833885	3.750897371879814	-3.458410435833364	0.09547068749230671	0.012980522383294335	2.022881611778528	1.528734270413253	
50	3	30	3	1.3352700926550412	4.169021248626315	2.147961115486923	-4.429532403364137	1.7332128231775552	0.030746498839974858	2.357062339804742	1.5993062094924582	
100	1	50	2	1.7710909459323103	3.7964945863833504	3.9657342092572936	-4.57825149161199	0.9988931361816998	0.3655293212300531	3.3249090761704685	1.0706729030572786	
10	2	70	5	4.736539795027913	4.338793242952993	1.6719124730660242	-2.981315664224874	0.6557563294592502	0.5161473542828865	0.8959358105995938	2.418680737539566	
10	5	30	5	4.499779221810056	3.7582058240806875	1.2446873089466302	-4.322381512883846	0.5043353329602465	2.278911578401646	0.48856011291659035	3.8086274137372875	
500	1	0	1	4.594867449189773	4.95096819443258	5.166097596318826	-3.396036322720604	0.08813715505409635	0.07386427894411778	0.08074671567486588	0.25974904316489705	
50	3	70	5	4.18430267427134	4.6970443313220605	3.689156399647077	-6.013462422154977	0.38807612564453986	0.025685122853475982	1.548197671382464	0.4923032039046193	
200	2	10	3	1.4890718810318964	3.5373973965477803	2.7467050894771026	-5.08510205472501	1.4952057105757235	0.021760902159246	0.5333225038894055	1.029771812042843	
50	5	30	2	1.6628745202089448	4.465402567331575	2.9128307348709384	-4.1704919107439	1.1868333844816463	0.09908788132794963	0.9651681731325324	3.3899313889436846	
100	1	70	2	2.08513536166583	4.130932638354116	3.4261656827281617	-5.018405213013299	1.8472388952403413	0.055576020274069514	1.0629278495896712	1.613719165831004	
200	5	10	2	2.223311983895985	3.5949794876176115	3.5499656525973666	-4.258999961130271	0.08443339334965354	0.024840881596919016	2.910338158132878	0.40987115049814943	
50	2	10	3	3.8193335592211635	1.5108678900187649	2.8483268862010966	-5.663245324793572	0.04983675641045438	1.2561991900182838	0.6699137253076374	1.061515837379156	
50	2	90	2	4.717887032541798	4.47032636404111	4.230744947146782	-3.824087156391181	0.05797166638757917	0.042862222942194536	2.2876057769787552	1.8651354137014937	
200	2	70	1	3.0438509558487845	3.6491904910022663	3.7682342699634743	-5.118562927734305	0.6515672821303504	1.351716437345252	2.432815783711288	0.971175909577725	
100	4	10	1	1.6321623972477144	3.6572093011215316	3.243636093361427	-4.88625865610027	1.622791500775873	0.02828529721878107	2.182518521434151	0.2753115286234815	
100	2	10	1	2.214019514743553	2.653492173912771	3.786104415233518	-4.672589360716517	1.4421194125762609	1.4909252705818752	2.0906283951184172	0.33282059455449536	
100	3	50	3	2.8195303762608606	4.153341693113206	3.0672837667797723	-3.7228095601631623	0.9236473458254538	0.019825519836481995	1.4161695464604591	0.2696933109841389	
10	3	70	1	3.8502181509959255	4.883032968079063	2.1729670313871865	-2.8164484377414394	0.6632193963035163	0.414879740228732	3.9637733862293905	3.716567640922552	
500	3	0	1	4.7352736020788635	4.8073316057683275	3.267317993633811	-3.9749633762887555	0.010233591103306594	0.015418878978455218	0.881184135430234	0.5078906264297427	
10	1	90	1	3.4233471184760895	5.073214808569403	2.246890229030061	-4.791350550930956	1.9174313360777244	0.004958097277103781	2.5627873428487464	0.4474890064037724	
50	5	50	5	1.6211753413193708	4.29007704320738	2.1440872708231704	-4.908938940543193	1.61918001985142	0.09076341687769134	1.023279792973717	2.1240519323180487	
200	2	10	5	1.1906777952559748	3.439678472548578	2.158358006795269	-4.43350936940334	1.485285451427755	0.5120134928719466	1.756038929749238	0.8846929571718288	
200	5	10	1	1.0957897569648096	3.541613987443721	2.8936904896907634	-4.994708249094755	0.18051167403998458	0.005151864397160876	0.6291737824921032	1.4137207127084248	
10	2	30	1	4.9666913311803516	4.078772104123047	1.7904685357470453	-2.4662275628814854	0.07411847842538401	0.7881957573690007	1.3989651769317721	7.153424387864478	
10	4	70	4	4.931984298407951	3.5547435280432866	0.47582467474904955	-4.071152397878644	0.056706612724219514	0.9575507732969162	0.14009859027953184	1.523581926605727	
50	2	70	4	4.52095446404692	4.370355722478765	4.216802554596115	-6.09828171927498	0.015750571277325702	0.01373693131287807	0.16947664636542178	0.8963795052659731	
100	3	50	5	2.042713942857017	4.1629173607437	3.1277092989909403	-4.76044324698842	0.9077024459493791	0.013830479133130355	1.3480332195296914	2.8778821850608614	
50	2	70	1	4.681467381777274	4.2955403550922435	4.470598872006163	-4.365908505227923	0.029977626481265698	0.0791386587494362	0.6986051199017261	0.4672711528711729	
200	5	50	3	1.166950653096738	4.0267180434486525	2.377727743777872	-3.2143805661941243	0.6627402356838452	0.040432101001247084	0.9456207892242857	2.8624870867086503	
500	3	30	2	1.8467263682544033	2.0576379914836727	4.134355436985763	-4.091815824389952	2.292401658085414	2.3656721219788404	1.0174766015843397	0.9410799505209443	
50	3	70	1	4.434580584991278	4.748534079064802	4.855887050189008	-4.426050683011399	0.02920241299669139	0.008095251887603684	0.5055549482888195	0.06874946016585816	
10	5	90	5	4.9244351978549545	4.512940685987245	2.359991958735602	-1.8601226278388554	0.15340891272165552	0.12164765267466919	2.5784802183884317	9.052916523622445	
50	4	30	3	0.7895546267411944	4.29192793787516	2.1923958718444974	-2.9118859374667982	0.6640340589151902	0.012662058238665041	0.953127347361962	1.5500603824938126	
10	4	50	5	4.5428293857752	4.577320790442226	1.837755366669448	-4.539137155483858	0.35218988379244254	0.14010860037746126	0.7978084196229116	2.3958791911473845	
100	2	30	3	2.447805251801622	3.7357424985002456	2.8524165570845863	-4.351605500681764	2.365452520183348	0.40374276076615	0.9316572183598695	1.200061345411988	
10	3	10	3	2.934101702408601	4.504993446338685	1.2579088904935978	-5.032413012409963	0.9991998575468659	0.03002449706132005	4.439717622699187	3.642599635736395	
10	1	30	1	4.766352183809756	4.935646351845342	4.707615280259533	-5.720430032239791	0.025730927849287735	0.039855977890490606	0.6236656808239206	0.16886954186599668	
10	3	90	1	4.420721281756379	4.552566233603508	2.1763531486310543	-3.378359835701787	0.7314587526631755	0.1687233265493474	3.048426725444998	3.2360977787939733	
200	2	10	2	1.7006422086443405	2.5456489463903225	3.9206665800249425	-4.179599246310751	1.421444262912562	3.3039707585486653	2.0087946997405637	1.6201241237894954	
10	2	10	2	4.448259111793163	4.09805732404606	3.5182014085823923	-4.615116321633535	0.07162573869846668	1.071052010745526	2.078857147435481	3.1536968436639485	
10	2	90	2	5.021862609198918	4.128241049049843	2.332638096161989	-3.1505888483652047	0.1419230846378901	1.2487690962360147	2.9861532219919096	4.5749340972388195	
50	3	30	2	2.6091787794915886	4.109606964973329	3.7484896659027926	-4.66831950817011	1.915734572642171	0.06125044231487772	0.23590999189762787	0.9316631416532565	
200	3	90	4	4.3644866490167615	1.7854529090522053	3.618901432981242	-3.5165579930467348	0.01284327040001554	0.3197283593662452	0.6627565812690402	1.4671426020415026	
50	1	90	1	4.598840291860659	4.685607613594399	3.0323299464080575	-4.75062660170498	0.09799144534052887	0.08264668451620372	2.61715610651465	2.897807422463194	
10	2	90	4	4.700335814342269	5.090041225104062	2.560418685290005	-4.540851224759372	0.2468437542541976	0.027570006907605075	3.59249329069842	2.527404500162136	
100	4	70	5	4.354153747621899	0.6658773068842675	2.2511597616093932	-2.306613444033514	0.016892633711041733	0.14195381343360847	0.6954522621491186	2.11264104744465	
50	1	10	1	3.776730596808753	0.9548582467031359	2.224408828495455	-4.561404767893044	0.02015440517957697	0.2779200128982072	0.9225318034892033	1.0299200297943918	
200	1	10	3	2.0122784202492476	2.351798905450709	3.4996481878365246	-4.094478525702188	1.262080124898636	1.3023137217732872	3.265255837123036	0.5606573904492427	
200	1	70	3	2.4915789120396967	2.5484065683394492	2.2146155656399378	-3.3012717428969776	3.5810664070094647	3.2591914472729453	1.3537551904187044	3.056231760995121	
200	5	50	5	1.5910293835177387	3.9897022203948924	3.054736009946956	-3.3966932999865205	1.0440013935496368	0.04708701535712657	0.4895894357196452	1.5518012697507928	
50	1	90	4	4.7241510424593365	4.52780189703996	4.3472853440202135	-4.227711634547917	0.010040724948156686	0.02830732464882851	0.8869971569568591	0.4138756763249265	
50	4	70	3	4.606745353606691	4.648719024052878	4.437461476605047	-5.701002559568845	0.007993254249751535	0.009056653346331892	0.8739969689014301	0.7491350901829793	
50	1	90	3	5.0222866886410165	4.483490149503311	5.045444112296089	-4.355682605250423	0.2998617924376396	0.11985880916998602	0.823862818526018	1.3711130439121626	
100	4	50	5	4.353564513297298	1.0692498751430164	2.223340728276694	-2.8840046947111646	0.09528657733896696	0.5610518542921544	0.8598861232530275	3.258870037413764	
50	1	90	2	4.5485575973350265	4.776473903796155	3.3259048861244582	-4.608428821237309	0.11981281479147987	0.04256074704331073	4.171734334176115	2.4770298525036147	
100	1	30	2	1.3786698916586668	3.7686954219951385	2.714645550485099	-4.635813453113572	1.1808070335906011	0.1094678024970253	1.4711901539673617	1.5492055046879274	
200	3	10	4	3.4315756694526223	1.4502728122931616	3.885870433868799	-4.473234847166743	0.15263845087415182	0.9027438784505646	1.5823891171392142	2.8815267522458416	
100	5	90	3	2.897284375205487	4.259891349900822	3.315248504128215	-4.6674028696477095	1.8642333608979447	0.15452148755125872	0.7367478282613701	0.5293082518019929	
50	3	0	1	4.72354724606093	4.504491813755996	2.184806485079082	-3.2843403828586446	0.3984318965178966	0.7795636918549953	1.4496224239326294	7.001341103662421	
50	2	30	3	4.258802226195257	1.4946425402055479	3.044545632439629	-4.438514578364164	0.012862272340926096	1.1362418361865487	0.8685518418489663	1.9884191092704642	
50	3	50	4	3.347032160677841	4.4723471924458	3.239218103491425	-3.9923409110093635	2.178849161023072	0.031105269271410392	0.4023346303019518	2.1554293182926503	
500	2	30	3	1.349277470392097	3.705090717985661	2.7139447706467967	-3.048854726494896	0.593073342675698	0.02241273993519868	2.4180743876317674	3.8105552205282094	
200	3	90	2	4.355860228782842	0.9855518294337662	2.6014238965386935	-4.182235825117522	0.018470786555511765	0.34949141222740066	2.261037414846506	0.9666847932594312	
200	4	30	3	3.636736419458432	1.8919631550572935	2.8528934610055785	-4.689044328058128	0.008596744245024192	0.8234421612773494	2.007223759442977	0.924389769513962	
200	3	50	3	3.937534172800517	2.007411947394037	3.719737389028932	-3.3690207516348067	0.030786588056319432	2.059804088626529	1.4618702759129552	1.700888101035839	
200	5	90	5	1.4153847181454047	4.296858434653093	3.11497253676556	-2.9328441583911102	1.3186063772122247	0.07117938057848318	0.403270381486837	2.0737775181903464	
10	2	90	5	4.682733719973841	4.444623078858223	2.442351362383169	-2.7933646032451436	0.4748487011964398	0.8417555849959099	0.8285652467286078	3.608798339484049	
10	2	50	4	5.151244337932182	3.97633495775072	1.844665425984886	-3.770027758445826	0.053268028334362345	0.2399705464923072	1.5877519982525137	3.7521538657104894	
100	2	70	2	4.337924950921905	2.4043147324444876	3.2958069792763753	-3.7199958512788722	0.03121072756582111	1.4718621952369255	1.2912913902526344	1.7496477485939919	
500	4	0	1	4.853398885826442	4.839710783719808	4.1496024833878105	-5.529329119607549	0.014324738310107157	0.015113319405926088	0.21921739879728933	0.548937251865015	
50	5	30	4	1.4538389749936178	4.196988612164516	2.474497743837088	-4.617004525213576	1.6314813444551208	0.015410116705028227	1.1898503458681584	0.8306144192591313	
10	3	0	1	3.9707008487605355	4.806979815630989	2.32779355621039	-3.6128799131199067	0.6270151041231807	0.4450572268973819	1.5091431651866525	3.555346186264885	
100	2	50	1	2.6205032012958616	3.761140664170106	3.6600033349004955	-4.074476298508401	3.286139247016324	0.5027881348737647	0.7741392728687831	2.4069927928444517	
50	1	10	2	3.845063911236629	1.5075430458650083	1.7949874753074884	-4.913685567434211	0.013098645728334923	0.5454605779214886	1.2311093734320708	0.6093099670668052	
100	5	30	5	2.589890285928327	4.027812792465852	3.8049462186777583	-5.198009065616308	1.2275990455102654	0.018265722637250098	1.701303325092124	2.94456995717911	
10	4	90	2	4.650634669712176	4.141960848676966	1.3638990440925427	-5.230965261486105	0.1827333194557171	0.7880299955908191	0.3072986377577978	1.2874797586356033	
500	4	70	5	2.4134201458933466	3.326272111182864	3.1434253514128794	-4.744540182434035	0.9542571009674177	0.3391972066228428	0.7139761331875509	0.5272068015727461	
50	1	70	1	4.553201176163269	4.515262954251032	4.267727887870997	-6.159459905233216	0.009456537146652852	0.013692169693528655	0.20340650152918707	0.37812313433191114	
100	2	70	4	4.477185624222727	1.6224370659145602	2.612934574142101	-2.229082383250978	0.06911213862271937	1.543247913745387	1.4960515777829975	3.294682546472192	
50	4	30	2	1.7854450837015823	4.1545249335534615	3.927970411247234	-4.326879811035654	1.0559758010301	0.02526464303903026	1.7841740525486784	1.2371105273375054	
200	3	10	1	2.6881543199766798	1.9715980181016273	3.8869648375272514	-4.468865191485631	1.7195920445815942	1.639243173041402	2.7605641689584735	0.3986651006927492	
100	5	0	1	4.425064378882837	5.346718352238627	4.841309124578359	-3.435453425251467	0.10341943673314943	0.14096966193115354	6.100447131925754	3.4934906217395163	
100	5	70	5	3.0526798077434387	4.149505129020317	4.080561285673931	-4.759165326653415	1.587638596142532	0.006966948279098833	0.9846098595680115	1.1778357379951099	
50	5	10	4	1.227861776116367	3.875563410102951	4.218444100237847	-3.7085765287305277	1.3254915681758994	0.019134479123103582	3.02481519210267	0.8045648583613508	
100	1	0	1	4.128044663456772	4.468167338651743	4.217936963887642	-4.605445565711241	0.07049536958077413	0.13960992519153537	4.8590822615019285	2.23609623123474	
10	1	30	5	4.851957804278162	4.854161704784808	4.932533251384017	-5.29451182661136	0.13263774152093163	0.25183509990839875	0.16220875041158023	0.7789649110718764	
100	1	10	5	2.8175263342861645	2.550638083342344	3.5123622856961028	-3.979437373286147	1.0690659373086788	1.5525866536637556	0.22928184467139812	0.37220722564908093	
100	2	90	1	4.448370489211152	1.785334816506309	2.758329645348235	-3.069415931925661	0.02120838758720143	0.7221466079304977	0.8393131776555057	2.001508593560878	
10	4	70	5	4.686878908890474	3.880596586869496	1.0736015490965711	-5.079503634594548	0.25898397249306715	1.156358062173098	0.3412407458271354	1.918156138455983	
10	5	90	4	4.809375525798647	3.919816549421399	2.6554759421962553	-5.695626909705433	0.09174275564726421	2.0652543137858848	3.097012690419971	1.1666980250222054	
100	4	10	5	2.72830216304155	3.014352701959686	3.3417562763250843	-4.20795077123811	2.2163138095173576	1.3595495789274756	1.5445996682524112	1.3470355013589466	
500	4	50	4	1.4491908379935028	3.7145739064745946	2.588064734969806	-4.911343316590607	1.4323694193044947	0.0684701848748225	0.7625386279834423	1.0708178535788593	
50	5	30	1	0.8848311675688216	4.31942311599847	3.127112514827439	-3.168422781039802	0.4859439089494227	0.029434883421157756	1.084076663927734	1.137190561898823	
50	5	90	2	4.518799747079507	4.719304382708009	4.1124011997354675	-4.370527667398572	0.11274306512090883	0.008462319435350897	3.2429284242244294	0.9669302569457322	
200	5	10	5	1.4005217391369476	3.5143042035262306	4.098812216445518	-3.880430185779252	0.3459648179953386	0.06774224403243215	2.2329891830194533	0.2437933834414493	
200	1	50	5	2.8684377296595116	2.6590166423512502	2.5766356377922	-2.938334117853135	2.1784954048565064	1.7547862580815428	1.1781117538669352	1.515784087376306	
100	4	50	1	4.112573071837703	0.8730334608423111	2.7768398714058202	-3.2777841233502003	0.011153844619256835	0.49300617719745216	0.8204261394700681	1.1293263542822765	
100	5	90	4	4.415744010592572	1.8746684062040175	2.8504633274231383	-3.4475786162116218	0.10770351801657388	1.3675368738358125	0.2621106861800171	4.5891157806721266	
500	2	0	1	4.948277006039191	4.653855500213274	4.587954035766376	-3.4926775015887572	0.0654077598540285	0.022840017498721037	1.1474993351935832	0.8405800498425424	
100	3	10	5	3.3381648239626927	1.886346292807112	2.2811361038392093	-2.8818932819539334	1.244328374180053	3.499324971493816	1.129393583520606	5.938322280109617	
10	3	90	2	4.4466538245522536	4.8296428294192	2.2844828824013943	-4.009621534806031	0.20293762623912803	0.12493806770578715	1.1401474553495548	1.2888595259471465	
500	2	10	5	0.5435087378656103	3.6466526447040337	3.0967110722389455	-4.221468927048492	0.22832176071052934	0.011823569749380147	1.0847344177372569	2.8980828617546033	
100	1	50	4	0.9654188460210779	4.170321392488995	3.1709561809895868	-3.0850550491826447	0.6741896627066738	0.03126413394542522	0.6018475677556332	2.5486348420465266	
10	1	50	4	4.760990965555406	4.938941114799687	4.914495701122831	-5.962951443512016	0.04783417120888948	0.015314415472429887	0.12219840267918217	0.21517219213059985	
50	1	50	5	4.165709359376827	3.0104057693904167	3.2980243187449183	-3.5495483040530376	0.08400261674927095	1.4767725423849303	1.6662530124644948	1.5514293291263646	
200	3	70	3	4.275438810906906	0.9907595352942218	2.332243251378374	-2.2225825354465476	0.030811523000576057	0.5221148251460095	1.4398721025002466	2.5561148149998485	
500	4	90	4	1.4917373301705779	4.242549269878345	2.4626070899462587	-1.9290162548329248	0.4680497289724612	0.52922038485409	0.37607480025712675	0.7813046906641841	
200	4	10	3	3.0644048296209005	1.2876900601858883	2.56121079225105	-4.450181367246806	0.9322301076077001	1.6358877199454651	2.227076001391396	1.4999938329583868	
500	1	30	1	1.2578787240427531	3.4226964282021406	2.2093888375882975	-1.9537124491923783	0.20192900608684258	0.018018192641641454	0.878737368913139	4.332886131720932	
50	4	30	5	3.1062961731848917	4.143972870534988	3.7049468184155376	-4.727780485282452	2.2639237633732203	0.0316381978840044	0.4771812583941827	1.665223166532704	
200	1	30	5	1.0964349881216546	3.5062219768525167	1.405345580724974	-2.342848505724395	0.9133066818979281	0.025198778381472917	3.8156009705585583	4.519817119338025	
100	3	0	1	4.300573526315091	5.005310638310658	4.257582812396429	-2.115084553303323	0.33749685014385256	0.17379704932105525	4.547294790938712	1.1854327340071897	
100	3	30	5	1.9745723148611405	3.022740448450185	1.8749530386548614	-3.404407534604874	3.333266084196389	2.9984717393156046	0.4945223715647507	4.253430319070116	
10	4	70	3	4.312843173661227	5.01112495332727	2.617465899632422	-3.448113632602259	0.3942102895522915	0.18473020511239505	2.340223993596247	1.0280687025530777	
500	5	0	1	5.337783908289673	4.533438978470499	5.660077280118932	-2.9368496776583117	0.13139990013408043	0.013649760251078042	0.062038806826202074	0.3703624734586989	
500	1	50	4	1.4110822004553	3.6864332707438	3.4133311455137263	-3.5093285732241086	0.28754687684278774	0.036918145246306905	1.1707730718608163	0.16116135778183016	
10	1	70	3	4.546591615774138	5.073741736767455	4.840091822386748	-5.610127479390231	0.7644888451539209	0.019518778583045997	1.868250362353733	1.2642774126319594	
50	3	30	5	1.061759506542248	4.360549416421157	2.8878430603414564	-4.038137331386133	0.114764931188354	0.014769262446001854	1.467536688843315	1.8141760561778373	
100	2	90	4	4.581311373124182	0.8861892475092568	2.170709711589301	-1.9182930649040293	0.10082443093860631	0.1756709296167554	0.6834035935113943	1.5572879417589067	
50	5	70	3	4.301940106592847	4.688920023463195	4.7975432893453185	-4.503421587337431	0.0398571950823287	0.006255527316728261	0.7071333687181445	0.26654957372588867	
50	3	70	4	4.515397127618162	4.733782775055268	4.2956382098195975	-4.620424641763658	0.031186100639518155	0.013009875705409955	0.5086701356378103	0.55533804940756	
100	1	30	5	1.1080259908434587	4.298570984586621	2.2344670075794504	-2.770931595547265	1.175704589137615	0.42343800066312126	0.9430360979064951	6.109111642945941	
200	2	90	3	4.344804360078578	1.1945491941780653	2.3307400118717565	-1.5074219414622438	0.03411152009832397	0.20484106633968016	0.5003523999015016	0.7025500199377319	
50	1	30	5	4.177843132663105	2.713016162256072	3.2381370379499237	-5.951660286268122	0.015281831209854223	2.8615312318163206	0.6467533949506425	1.9546681932243624	
500	5	10	3	3.073990651324836	1.549809974759404	2.541533654580323	-4.886306024790267	0.5133873139466877	1.506418387882783	0.22212459605490986	1.9927385624064236	
200	4	50	3	3.66459590692027	1.9989040416971826	3.11194189061141	-4.5019377055000955	1.4102916570246795	1.9057464361111238	1.7520568877355087	1.5342624626833505	
200	4	50	2	3.0869264826583853	2.410583523501878	3.5838625941864586	-4.408116499176919	1.8009351558883246	2.529702832754692	1.5082775490542502	2.452806101918491	
100	1	30	1	2.035886791128464	3.9593998970212043	2.437574885302668	-3.583967312369812	1.4656196609641583	0.1306160797210374	0.34073255188407786	3.7508003876888343	
200	1	90	1	3.957022010493986	2.0894048696644205	1.6171712975244734	-2.5182205131950655	0.26406674697876664	2.7974996782724473	1.200346189337151	1.3659532300190442	
100	4	70	2	4.278963545750621	1.163295484930423	2.2750705840141525	-2.214671563701316	0.0080140257280223	0.590341630710959	0.7442623039939139	1.7167508971002028	
500	5	70	2	2.8693219942102437	3.2944296107605227	2.9875928541680836	-3.5211480029950173	1.1281521637136498	1.8335966641710326	1.694116897561312	2.8955594498549098	
200	4	90	1	4.00702820564783	3.172867387126206	3.500096357457989	-4.615042348475807	0.11326577023839986	0.6823155740433224	2.2511119483924515	0.15978174474821313	
50	4	10	4	2.045869734428207	3.989202481833525	2.9842308654714986	-4.246921888026287	2.06452025365624	0.026631987281012615	1.525089343548992	0.8225998586438107	
200	3	70	1	4.301901200793682	2.0645956996730694	3.4608610244088966	-4.094188517721916	0.019503166205533835	1.4104066828725068	1.5105190774270576	0.9544826807294773	
200	5	50	4	0.8890887250679751	4.029735354907725	2.330240183797791	-3.108655345433074	0.24898862977116726	0.024797473874444604	0.4759929159472399	2.8568994440878694	
100	2	70	5	4.478076716053378	1.7982286937454166	2.898590812098714	-2.2150259253499884	0.06320874009487772	1.679996075524794	0.20434170432505985	0.5147163782094022	
10	1	70	4	3.9415837956078397	5.259437026383285	3.9708570498648967	-4.135513790586942	0.36426520638971177	0.09427778856454025	3.365286751666528	0.10299921760147704	
50	5	50	4	2.645713163078997	4.343279149069586	3.886404916922546	-3.288444478401682	2.995972251688334	0.035456621214408186	2.3973773137358068	1.6307917678783008	
500	2	90	2	4.601914919750689	1.2198539739618777	2.304497788278411	-2.006208371425546	1.9111623354767255	2.749074161823826	1.2356322826473374	3.4603519129658764	
100	3	70	1	2.133183407182244	4.1570712640152125	3.4155069946546135	-4.837994580165592	2.4402185290152096	0.024650019092761367	1.20519113670008	1.8988550547660195	
10	1	50	1	3.2943968497106324	5.191621349733781	2.9917833306458177	-5.1581762535485325	2.328905982145997	0.028419469889785737	3.234146959051796	0.9587000634405132	
50	4	30	1	2.2867851784435467	4.207840810756583	4.007924424506528	-5.299783643320315	1.9361199282314714	0.03356074665988338	1.3729348603364744	0.4555759460960113	
50	4	90	2	4.2720871796828455	4.523974995699036	1.276963791926379	-3.73014063681243	0.5830598048018584	0.2244614537826643	0.5210107314779433	2.44988898736808	
50	4	10	2	2.260137016600884	3.880388426701619	2.575933706451774	-5.058564315811301	1.8027448988854695	0.029876672478782996	0.8619547721635745	1.5547969803878035	
10	3	90	3	4.716021252388705	4.588900103871654	3.210866449910492	-3.695937995229056	0.013590797360395616	0.09682539713441296	1.3628237689083385	1.8061565745222758	
10	4	10	4	4.8179131620347	3.900852480030132	4.902286783554214	-4.04306170190421	0.2052195007909193	0.7818484521642949	3.7923932370759386	2.6057539246092745	
200	3	70	5	4.229051614322591	1.7410603943606582	3.291170805973864	-4.419391483949942	0.050154906594199494	1.0521647542023884	0.5298983839558762	3.804867379352011	
50	4	30	4	1.9929905501651386	4.219485628704116	2.3454023653450395	-5.238954735622036	1.5605008267239202	0.046852784238418675	1.5524401926205933	2.7363908560875774	
100	3	30	2	1.9842433622561537	4.028528666672316	3.9022708729488667	-4.745154300048264	1.1871895728242874	0.013931852860561365	3.284901564838824	0.36183085261376996	
50	2	50	1	4.250037584923779	3.121265202864923	1.9346302719058883	-4.328247183486347	0.18286840435774226	2.5446125668725124	1.6399048852206752	3.3531084897234527	
500	3	10	4	3.35520750579525	2.5020627638391613	2.941108888572546	-4.536647338154603	0.207887491237023	1.1029995623258968	1.1135429870654534	1.5906222594756523	
50	4	50	4	2.776443615295287	4.508778669233557	3.705239590157265	-3.605114561338008	2.361781784144699	0.1517799690011157	1.625781539770785	3.3626352287394856	
10	2	70	3	3.9585426078876162	4.884189642917889	1.0442819938184007	-4.938085816889267	1.3965945276855032	0.23726343366302188	1.0108722994794759	2.029967179802211	
10	3	30	2	4.671061637440408	4.144654523452056	2.6941630781573283	-2.645597442493501	0.10006237880620335	1.197253052667418	3.040860897282753	5.429016428359737	
100	1	30	4	1.5225787794626549	4.031877134455664	3.0211670978113685	-5.0543166228884555	0.8542658904941695	0.03071495125757184	3.1784125877842486	1.3398281843193354	
10	2	10	1	4.079550551841127	3.979804841434578	2.866814953925009	-4.904533619984127	0.4269413463355871	1.0710189457911805	1.7400742206476643	2.5533649528054614	
100	2	30	4	1.7771816950619952	3.9277657556289056	2.3029862412824027	-4.410397283214144	0.9127444509665021	0.3491739533576516	1.0634107946016655	2.0306404770023434	
10	4	70	1	4.783484795204046	4.154441594551	2.775493634068635	-1.7940519807008977	0.03246802810310151	0.49294638146736497	4.14185119948719	2.2924836136912843	
200	5	90	1	1.6356893666122383	4.0971176047311975	2.726086003971223	-2.6865336010772887	0.6575648702527322	0.08649155943228884	0.8480925801302281	3.5518328937773638	
10	2	30	2	4.614569105845784	4.760604482189556	1.8307171516532765	-3.1372013599667006	0.2019573830756167	0.24548409998709977	0.3905959857484334	2.260492505442014	
500	3	50	5	0.9477304046176799	3.672113860212207	2.0027611915286467	-2.6009348213117733	0.6766183564089776	0.1206134536437488	1.6974850727597315	3.8697449544082447	
10	4	30	1	4.3453076008510845	4.489476189447993	1.6532679965645511	-3.3417932531446306	0.8070491137498428	0.22340900810534856	0.38886841820078555	3.57026536770239	
50	1	10	3	3.7745058512572713	1.336114007233766	2.852857376805279	-4.034843157707692	0.012010455289878463	1.0271714663393052	1.2406770003660983	0.7441211739357544	
10	4	90	1	4.492823287301023	4.731187099862292	2.5057204027208364	-4.259303863079488	0.24082971870430175	0.14358065268926976	3.588031831605179	2.0764299162629976	
500	5	50	1	0.5887958846165607	3.685782596147903	2.2542910673530328	-3.5950464893171237	0.11530565495395469	0.014904583099007955	0.8796356350798898	0.8086582921399439	
50	1	10	4	3.635688700706357	1.449464732404068	2.8069050616233144	-5.205850124235525	0.030720173765859626	1.9384613698007989	3.8984793889703693	0.42637385668614225	
200	3	90	3	4.178706451181973	3.0771100960875573	3.79432838508352	-3.939348713764164	0.01836794277280935	2.2545957871518207	2.6742648384867906	3.2815689720988948	
100	3	70	5	1.498927556360995	4.13781477135483	3.112921654837754	-3.0922152163677192	1.089554187613875	0.052363954546477284	2.937213469719506	2.15741008898033	
200	3	30	3	3.864337297997435	0.9465205539819841	2.558809586387535	-4.100672531875085	0.019744293904293723	0.17013467304531638	3.2243904655809974	0.555321166029228	
10	5	50	3	5.152207903648658	4.266068291920082	3.2118726755451723	-4.5793870985894864	0.05637314309472343	0.3058067214729948	2.6588357380818244	2.4566723160218853	
100	5	90	2	3.0883782434376688	4.317889287967651	2.7688500846004094	-5.020859415539112	0.8305032514173974	0.057445284906841344	1.076966664873601	1.135705551473254	
100	3	70	3	2.3932301862343786	4.3131834705616265	2.0398904194509018	-4.0708677637145	1.257945716267685	0.010536304049665532	0.8044558386851669	2.798886318008564	
50	5	90	5	4.616991510212662	4.332993606209084	2.3289347264986593	-3.3158102973678703	0.14994002337507661	0.7946831271397821	2.2617186671135396	5.24328805443978	
10	1	90	2	4.604482535198707	4.883591880267191	4.721693410521938	-5.974923143771968	0.06725876585542297	0.0501853903770389	0.25694150686486716	0.4506271802211804	
10	2	50	5	4.97889003563674	4.45845496355676	1.7656664206261732	-3.5970745451638786	0.10027890526388658	0.3873080386791836	3.3641211033812217	2.038172228301206	
100	5	70	4	4.174776747577367	3.952070631092228	4.319554922644255	-4.241755716187978	0.008015339316571493	0.07839174943004845	1.165695305436964	1.1541950731074995	
100	4	30	4	3.990097703062541	1.2805937740337154	3.1875658391405617	-4.955141513139964	0.026434543276278	1.0201486400806283	0.8922460413914297	1.232315680013175	
500	3	30	1	1.359122753969947	3.3328574755728964	2.5627326096333602	-4.627770593703316	0.7213716451186367	0.8447454197494352	0.5877590226486261	1.7752872951415892	
100	3	90	5	1.1660238897034279	4.265336395593848	2.803099124330885	-4.5645149877792575	2.7831148902212886	0.06783231359652972	2.091847467970576	4.308246856543379	
10	5	70	4	4.918420161483827	4.811202849421698	1.8115762117771428	-4.586648162931286	0.19787783325174932	0.038972400698968554	3.345465433201588	2.4225750147681633	
50	5	10	3	1.7272030963285359	3.874299346029889	2.9198930691707545	-4.705041679265133	1.070980216722141	0.03493441858021731	0.8204855663670566	1.1408013084205775	
100	3	30	3	2.120319241015648	4.009886746076457	3.065814197840814	-5.258273899440268	1.0088222441666301	0.0080946028473782	1.5145203530252294	2.5023978621750653	
10	2	50	3	4.526002761210929	4.69121965941091	2.4581696298263807	-4.350490905245534	0.7846404096332319	0.483775282293775	0.6422712270794249	5.773719512328723	
500	3	10	3	2.22468290653586	2.139487472874286	3.2267209966252053	-4.582850881360206	2.4509077592273294	1.6602100997564802	0.5097370446304303	1.5281377135582328	
50	4	50	3	4.185951917891939	4.222972526764498	4.4827099878374606	-4.910192557258229	0.050381829702314807	0.017850664627300436	0.30087443646919826	0.8180159649211854	
200	5	70	4	1.4775003051441944	4.207568847695635	2.2250286170222853	-3.2883745992106546	1.496946887853986	0.01512680428539938	2.092927101438387	2.986642637747594	
100	5	70	2	1.0851298373140899	4.216601648322376	2.7890844917762383	-2.7801654489309495	0.3857033363108068	0.01757857557525113	0.6384501811920055	0.927183941692526	
50	1	30	2	4.11098131369364	2.736261826217471	3.1972093304582594	-4.63774209920269	0.017881216506657586	2.1969214911304973	1.5071903984193538	1.7487452737879168	
10	5	50	2	5.04792746237715	4.336953920371815	3.9235752420540235	-5.5313213708720825	0.04531625104485477	0.22823237865731838	1.2584225057512386	0.665016234890428	
50	3	10	2	1.3662876832627102	4.035215237364208	3.1294996789469613	-4.920583728252232	0.5124199447306661	0.013058883096752787	1.2563603551176823	1.6849474199189363	
100	5	90	1	4.315925161889195	4.159818113357979	3.362267623135772	-5.1763023996860635	0.03713923847811048	0.16969995434504082	1.1995940940778687	0.7432475579549953	
200	5	30	3	2.807432713541285	3.428658462793107	4.104506044767467	-5.067289722485547	1.0714209436284141	0.17592629921545694	0.5221749049682379	0.7269585087305797	
10	1	90	4	2.5310480031245604	4.958357632175297	1.9069026644151506	-4.4141428566689545	2.9044273363504565	0.08407144817639672	3.378094608142535	0.5483116532038983	
10	5	10	1	4.633283011396228	1.952700460114105	3.4284972541828633	-4.328653101657519	0.02519377281668223	3.108395185981429	1.3032531408496026	2.805136294836386	
500	2	50	2	3.1006667028665813	1.7800576157678765	1.8190015592815203	-2.3871502697168983	1.9586771211530074	2.822556990685441	1.796633359012496	5.3366070948101525	
50	4	50	1	3.029449201280199	4.286542630597324	2.759103133186537	-4.282056998725272	2.760860380122572	0.09140331024649802	3.050974331092488	0.9358867922697682	
200	3	90	1	4.232292447290555	2.5691130170206082	4.294069627572796	-4.59427620509375	0.04746166693038346	1.5419385826125296	0.11665519211294258	0.3115577084309841	
200	2	50	5	3.99626709307757	0.7621584757598927	2.4624294015069106	-3.6246972704949325	0.011827325849680216	0.41601926305169845	1.2537410577092378	3.873565106432427	
500	1	30	2	1.185950128149988	3.0719529251144277	0.7931642431337064	-5.867016857554322	1.0641216932750968	0.8825973689243463	1.3909917788550352	0.5638594160776057	
10	4	30	2	4.996991473063155	4.19595761821591	3.8774506796820223	-2.9913295208890136	0.08340053065010779	0.93139642299835	6.932851762012007	1.4076787674339908	
100	4	30	5	3.926263518340339	1.7932924024972934	3.1190475136764637	-3.4601260825265454	0.044572652112217816	1.5321969663140358	2.0047258062064404	1.3001432127801178	
200	4	50	4	3.7326540118823086	1.5129967904360244	2.9292946181856787	-4.121000375682822	0.2121460050455371	1.3063416976494686	2.1181785964288835	1.5374621065294805	
200	3	50	1	4.1588953780333755	1.1523109539539305	2.976713355990009	-3.53199222575818	0.029593913472676727	0.4392704108780888	0.28931163567287144	2.8789587863240365	
50	5	30	3	2.5441623697483804	4.203157089951037	4.0068095655008875	-4.7706947796474735	1.2901415206110445	0.006008227272485421	1.3117667679443794	1.421595467025286	
100	3	90	3	1.8295595961042908	4.4866539025094925	2.3010997034889358	-2.738711870202952	2.9666807892583895	0.06003343613875516	0.3890600181165424	2.9986223731104023	
50	4	10	5	0.859265228884892	3.9971240593852784	2.847939777311731	-4.973425668053085	0.7508468948308739	0.041349869692921246	0.22645986398432166	0.859715174472746	
50	4	10	1	0.9958296462692025	3.9557347756264436	4.2717501442865595	-4.915509797632238	1.0699089285354393	0.017456868216338822	1.1277362795297272	0.8918865027983394	
100	2	10	5	0.8027271939156978	3.659689296776277	2.470119377194342	-3.7922186109176748	0.3237263548707411	0.020156772916097822	1.87320786446846	0.9509003386349768	
100	1	90	1	3.683693120663905	4.329557534687121	1.7065277928932467	-3.1543278738408875	0.21081385015166512	0.01889505928689439	4.7138995784941535	3.3459850998780856	
200	3	10	3	3.558162936980745	1.3221399672807297	2.545947025194688	-3.816174565100081	0.018147046014685732	0.584052385810182	0.7057209514881985	0.6227320079339125	
200	5	50	1	1.7689863056525443	4.039299759278721	2.9016776056203137	-4.626084189154337	0.7044495227652152	0.00931909611132489	1.1199257838861527	2.9767586421386922	
50	3	50	2	2.1798527585812093	4.405776326208158	1.6780850075745881	-3.354082527294952	2.048517530385362	0.01155519144996173	4.149480187955543	3.0222166571641162	
50	4	10	3	2.5970599426837464	3.2721572879692955	2.857327672534854	-5.1671560731444295	1.6506564585525128	1.651982370274887	1.268000315266451	0.6865581863499229	
100	5	50	5	2.0452814217760453	4.299068712672591	2.8632641314552036	-3.2030099606655744	1.7666492228052857	0.11661157424282606	1.0059979076034007	2.7466531618531307	
500	5	10	5	2.409865062828292	1.8098960178968162	1.3961726626562942	-4.85607087861099	3.1785872242651063	2.5764550803785964	0.760040257200627	1.3053636466097995	
100	1	90	2	3.4961613844673605	4.2381517290119906	3.094232588149749	-4.839527663414847	2.3611350696860476	0.07975857573473973	0.7185195175064348	4.441698946631823	
100	2	70	1	4.365606109833251	2.9411198554898954	4.200720614832151	-4.101780419966381	0.06509762360193645	2.420267839905614	1.6546182101160458	2.6139678141398632	
50	5	10	2	1.0829589089294425	4.000522197461449	3.0218235320928546	-4.574009818415952	0.9689116470019499	0.02372470521293753	1.6288356224438045	3.0894401575723047	
50	5	30	5	0.9456967117083355	4.328368245283098	2.743816872109214	-3.0281275699339547	0.17617708963264014	0.12007293408074417	0.6012951353864433	1.4037324943125302	
100	4	0	1	4.795190726029465	4.878096064416359	2.2135131448929757	-2.7710155773616445	0.13449698358735435	0.2156220087219069	3.1190407006126297	2.8058422841865607	
10	4	90	5	2.564967146739144	4.993167986903503	1.06030478462685	-5.243755568605553	2.0729361371710806	0.2363159490249536	3.9689795169570457	2.562615374181935	
500	1	50	5	1.3484795726648129	3.6741172404509364	1.601029835007998	-3.557912183751093	0.8518675633899542	0.008016230856910011	1.59519620843679	4.761676024739724	
10	4	90	4	4.834688322187675	3.726922011487087	1.8792238015188605	-4.123810272686652	0.16154085847332172	2.183352838992376	1.6049780443017636	3.644195406656114	
200	5	70	5	1.0939779303697292	4.570717832396031	2.7440424995712047	-2.3120384071035076	0.9774839028574092	0.2317347314445401	1.2763973486341227	3.5134652121944225	
500	2	10	2	0.7590628262709848	3.7051311894454027	4.3821309881372965	-4.312051009002691	0.9676386404494203	0.01669526591420577	2.968788239200806	0.8478314217380726	
50	2	70	3	4.593642873324864	4.326267223105208	4.790584690652782	-4.80608058217663	0.006081554392968034	0.012582495405414913	0.44313148992927215	0.7768897581669962	
50	3	10	3	1.5631273566582249	3.8968678011162967	2.4664010431541605	-5.0645468582655875	1.1237535224642634	0.02276261843384378	0.6621295056904998	3.35048207807073	
500	4	30	5	1.3756717168794952	3.494988244724934	2.414097622612793	-3.809104022542834	2.2830707248484003	0.3466352538287189	0.5244651442385592	4.772726047610236	
100	5	70	1	1.4886134498842796	4.2082667481959355	3.475528102781395	-3.710979821241266	0.24852588106978343	0.053310796046146094	2.342959902623017	1.5126685823781103	
200	2	70	5	4.238334046685185	0.3559321424111756	3.1089270006180287	-3.71352299173051	0.345430621383653	0.2567333036472734	0.8532062558491298	2.754042401455479	
200	2	50	3	4.067025841403354	1.1741455199343227	1.96457524590294	-2.45470755263568	0.06356385763206078	0.492635879958161	0.34171975915644	1.7447191474712507	
200	3	70	2	3.9357534722952043	1.4712178536455278	4.4522516451723035	-4.182176895285196	0.26916371216851415	0.1498232838001276	3.3441718071059734	1.903606735948202	
50	2	90	3	4.62016201021357	4.3403714708663825	4.267979630402157	-4.936098828869072	0.05426826767308771	0.045944530213025706	0.7257610511505063	1.7043911794351663	
100	3	10	4	3.730746468094858	0.9447242074002244	2.7420979547620825	-5.1967662327944355	0.007402352680934849	0.2349771030227176	0.7857336209843977	1.8486431434133432	
200	1	50	1	1.1805590905776973	3.9299162326260206	3.353099942994102	-4.749785790096992	0.2805813957059626	0.028820346538551107	1.2910261532251	2.037666616932809	
50	4	0	1	4.492003331709186	4.878961285278536	2.0420688895552415	-3.458924827637003	0.16895164919331698	0.07224179490598967	1.385140577637918	6.681520584345481	
200	2	90	2	4.181053729336351	1.5641121258556185	2.589787126929957	-4.440686069545958	0.010728366104169567	0.7981872892142806	2.1432935927295533	2.5797434996159256	
100	5	70	3	2.9501344793705204	4.23413716680272	4.445930920195238	-5.371098065316848	0.6126949117633818	0.04000097262546932	1.4157778040292885	1.5854856539412854	
200	3	50	2	4.4720013407933354	0.7977982174334992	2.419682952444137	-1.7365037009493511	0.11801435177416161	0.3915730220177662	0.547061853824479	0.935043466127831	
50	1	90	5	4.537026838060562	4.786241776472773	2.364959955338062	-3.7540104616343286	0.04995283660858698	0.030865079605184476	6.098655423634832	6.242264451518631	
500	3	50	2	2.8510754552367144	3.123197639774968	4.149775605649509	-4.468934188683724	0.1410884240471033	1.6221058956013343	0.8336628378074116	0.3540677470769233	
50	1	30	4	4.0217981388096025	3.3257775838656265	3.570411990901796	-4.556725669026331	0.09534086185280927	2.794000970769239	2.314283415031754	4.471183707518725	
100	3	70	4	3.830169705231613	4.02744242927419	3.591315726973721	-5.828452964048731	1.021123754641444	0.017601720264940522	1.0150782841881305	3.39418894591815	
500	1	70	5	1.7279856195061714	2.9197104445734325	2.543330953760378	-3.938999365169588	2.7009085871099283	2.615480335334931	1.1838524384746578	5.549737801518709	
200	5	50	2	1.6532826211258425	4.117981544710745	2.2297605995886154	-4.601356415119497	1.727018100012865	0.029268154540979915	0.5505026853180818	4.752474174019856	
200	3	30	1	3.8751989128224853	2.9296473294190855	3.999296416740902	-4.288969749172812	0.019019473291804197	1.3467305567949888	0.5627568863496237	1.7031695009756234	
10	1	90	5	4.784484818550045	4.937876927372139	4.373606806413368	-6.165489673654759	0.04820454760899207	0.05406229231410232	0.8253135378551726	0.36917546656337746	
10	1	10	5	4.925927973221263	3.0142352709883693	3.7706692881006574	-4.501139801982715	0.039005262811421686	2.830542015379418	1.1726664328230725	2.9417061435203786	
500	3	90	3	2.994975955155394	2.672081130470792	2.47205941869822	-6.113214383209143	1.5587754246949503	2.1318724341974415	2.080890141800033	1.1765882099228435	
100	5	50	2	3.073943587699595	3.8921767307285284	4.789282554880614	-4.593122344999853	1.9281307104422254	0.03637984200265587	2.5609955905201103	1.2930443901219635	
200	1	50	4	1.4394099385301669	4.062055588636361	2.8500643428125545	-2.9936441367704725	3.2080825508689457	0.1261938864601146	2.509908782465283	5.983009562698674	
200	5	70	2	0.2967619024159676	3.9993553238804096	1.0323359221975732	-5.353879666197857	1.3934557304920798	0.014009483954276114	3.9520533135134603	4.146934140083516	
50	4	90	3	4.785360664204297	4.588972950720361	3.49017731098989	-5.970645687406158	0.008210484902889241	0.0260433444259111	0.3167384804251734	0.6305045736768096	
500	2	30	5	2.5761078316590362	3.2413576681528014	2.538579431364139	-3.5431280360015185	3.061973080319854	0.11572717915297151	0.4853202567636033	1.385909918309802	
100	5	10	3	3.6528627692330686	1.3009660562333243	2.1587814641306036	-3.6564363232072066	0.42785105709597177	1.5772708857116575	1.618769878687863	1.843849097063752	
500	4	70	3	1.8600506385724218	3.419967819286639	2.2679418674109355	-3.406592292497485	2.5370739663159534	1.1775238913498873	1.0932133801015778	2.9550441687680093	
200	3	30	2	4.018076184274509	1.0740913101069818	2.2140223384903	-3.313735603776595	0.04521331570709896	0.15220884947571978	0.33012763913539345	2.771791853609653	
100	3	10	3	3.041621358304332	2.0298567642504777	2.6569663472910494	-4.1935537204191355	1.0972062073481597	1.4171174162981666	0.9059121553003371	0.4958476644295737	
50	2	50	5	4.346121371332919	3.1356095967031936	2.6664614068787067	-4.047142519446605	0.22169541252238315	2.0701496571470157	0.6089890426442708	4.112874191174903	
100	5	10	2	2.244410352511544	3.3372633785774815	3.5174045771795304	-3.9608180622880367	1.0696349980917073	1.3968308242562308	0.3570836551238933	0.9566965630094624	
10	5	30	3	5.232571545944985	4.208491629471059	3.920361463763083	-3.0699598067664216	0.043778547433136465	0.4914592598845231	5.838188872431249	1.6064042182975216	
10	5	50	4	4.961573388672411	3.8051694949304133	2.1490164194171144	-3.673889972199761	0.07360875326578124	1.0484086487347948	0.99488873402106	4.376228783151348	
100	4	50	4	4.108766655508495	2.4319895773718914	2.3883028761931127	-3.784993906937053	0.008830691121368701	2.6362617817072853	0.8465069941644554	6.476871168617163	
200	1	30	4	1.454350882741094	3.305961977231278	2.802844726841897	-4.162478722124776	2.5707426964538205	0.7958931689323664	0.110997064479307	1.0645432199428737	
500	1	90	1	2.720748530425841	3.4094564467045325	3.132769495110213	-4.078549604540162	0.8639514829356107	1.8326198563493952	1.0582472974562787	0.8467233293044306	
10	2	0	1	5.150545353807146	3.836388116380972	1.879741869709494	-1.7858685084655024	0.05854288867685332	1.263365672802251	1.7110795381929975	2.2565224602177123	
500	4	10	1	2.046770139227027	2.4380621242200027	2.695846530665651	-4.324224724813055	1.8657553670067724	1.8609604518525507	1.0556060032990457	2.8717594042935324	
100	2	10	3	1.804865534535981	3.6572850629324853	2.447736790510832	-5.031084293559293	3.0912585779308053	0.010009723759603741	1.7599420531222103	3.663326288317777	
10	2	10	3	4.573495297072283	4.221326916630713	4.02423249452935	-3.1363946776061984	0.11439683523907831	0.39397498126698566	1.5392953802826568	4.359922861078565	
100	1	10	4	0.9434794579729128	3.840060186431632	2.6602277189974837	-4.404097552290014	0.7547869242417605	0.018735640337802305	0.6304677295338189	1.3086616335629104	
100	5	50	1	2.4073515901618623	4.081442907343492	2.371631679783757	-5.482540831753805	3.146604699468866	0.0650317389739302	2.2275512397008974	0.7285374030902032	
200	5	30	1	1.9856414406336786	3.867017831938444	2.9318189066313303	-4.308557710589416	0.8264009842727684	0.021043088809647958	1.7070385725747992	0.27258868128086455	
200	5	90	2	1.3410838452593505	4.5562479694018005	2.574927933772413	-2.748966964792305	2.709596945134175	0.1836438514726628	1.5802438319211023	7.332026177430633	
100	5	30	1	1.373293142749773	4.445428867642875	2.5837384176730733	-2.6292553932063547	1.66317973060926	0.7209577318034847	0.6556371608149186	2.1794525550859754	
500	4	90	5	2.6102918992660338	3.780689817132852	3.2048746826644323	-4.14764548443881	0.8595246655729791	0.16914232574800583	1.5149396162581517	0.8982646157308453	
200	1	30	3	1.6219254426746113	3.7234754494129176	3.035526319792711	-4.996936175630072	0.3293905750481727	0.02579356100798836	0.5405483575790662	2.5187837454477324	
500	1	50	3	1.687635303593084	3.5432357770312155	2.8131219652880017	-3.368956641463661	0.2672168846161533	0.05354086303640141	0.7045596126552427	2.185958595065776	
100	2	90	3	4.420179441414076	3.9184678083088564	3.1725744103674276	-5.74839096122566	0.016095044415330804	0.2386736377693188	0.6202809841445452	1.45501075155043	
500	1	90	3	1.9304318060651982	3.9235124522125178	3.060508646694196	-4.271009489056854	0.867255593639955	0.01441453624080243	1.3091071576830793	3.3911438554543203	
500	2	70	2	2.020347127616506	3.1115771020664273	2.7387156389661156	-2.6042736027915163	2.0657147017603976	2.7233632683152824	0.4306380490903158	3.6377433541768	
500	1	30	3	2.549388582545033	1.8749448204286803	3.1766984186071263	-3.21673591171757	1.9990089788441439	1.5778911092668435	1.3763556973781217	0.5987622519285485	
500	5	10	2	1.8588895805447707	3.2920552636182974	2.8974321048780642	-4.776328464428997	0.9699036805303475	0.07524223308303227	2.8044703615844377	0.43070488405008517	
500	3	30	3	2.9930915577379777	1.43225651535427	3.8576913544564277	-4.681566152829131	0.73623941594634	1.6370749314177389	2.9701740586284058	2.1379405178575737	
200	3	90	5	4.2967146355687325	2.1445089448241244	2.353229140817318	-4.663398496054708	0.03208862801191898	1.3651923349391504	1.1787119040473597	2.3086378597346657	
100	4	10	3	2.4160133270043476	3.585168163024919	3.7542312502324564	-4.696604276082555	2.46838065326165	1.5023273534727801	0.4669479900929652	1.3103533458150256	
50	3	10	1	1.950615093347715	3.9686496637847415	3.574602139333347	-5.576413459690506	0.8193769878402714	0.020647591882536204	0.38022190512383536	1.0780901724933836	
200	3	30	5	3.914058038524681	0.941476933599881	1.7941063281697918	-3.71229211745384	0.012092668942084545	0.40379517502729817	1.5295603021674369	1.2005161911172113	
200	3	50	5	4.14711616171908	1.736851473563922	2.094633768619179	-4.169792798460368	0.017454069539299014	1.4180463147214821	0.6628017621839113	6.24002509885978	
200	2	30	4	3.7634117974045376	1.4049080742111397	2.683299584305233	-4.422265310594256	0.012589933067679292	0.8616380998104182	1.1335582714997094	1.1414628131949947	
50	4	50	2	4.441496193130594	3.155185570621684	2.952073785803855	-3.001416454188093	0.10838155116090319	1.0615067777115996	5.020459080172524	3.495032618899503	
200	4	50	1	3.845034493639014	1.8120360101007933	2.8597930051977882	-5.122577479934703	0.04681460543879268	0.5300701972911819	0.46881921899601525	2.9697891300297807	
10	4	70	2	4.298180863304301	4.532755753336225	1.8147560233783657	-2.438614275785665	0.8417582210484688	0.6485889356919036	2.2248368840662622	4.804895913102946	
200	1	10	4	2.092616275430169	2.928983060392999	3.061569261322233	-4.584676600290627	1.324143687373684	1.4984139364685147	2.120824813269994	2.0837500054638176	
500	5	30	5	2.5080386917021174	2.375931855387796	2.443045021194971	-4.123306043490083	0.5571362675837594	1.365936234344878	1.1860988726520525	2.759884138159561	
500	2	30	2	1.4631984489388319	3.434222175130342	2.8027743771310742	-6.075916495660846	0.49058949952281855	0.10149673250704085	1.2687843137397257	0.6928992687288231	
50	2	50	3	4.2002219202633535	3.6297158490416783	3.0042208793733662	-4.09615646504806	0.03636170198390824	0.6189035658214906	4.621233203430556	2.8666564843669495	
200	2	50	2	4.802392320507663	0.6113225960498356	1.9196740519916065	-1.6150996883359654	1.2757801226556322	0.7831884883031974	0.5415305481898631	1.978593029041025	
500	1	70	1	2.620903589236287	2.265926211142707	2.75538318420455	-2.6620376117359554	1.7334426253121393	3.3116148024676533	0.36145721201665865	1.1375317262311282	
100	4	70	3	4.073710155085038	3.4456100601285713	4.2993345300318655	-4.461327533026862	0.04654966701667141	1.1325082001267945	1.482128573903851	0.9108678074542107	
200	2	70	3	4.264030663901039	1.534042972021538	2.9022183364177847	-2.974967676907185	0.11954316279420467	1.0623658787940657	0.7260754102702713	2.2715036764640577	
200	2	30	5	2.826048860488875	3.0492398790806114	3.0169428732299473	-4.992300719340081	0.6557982695150965	1.2087087393711013	0.0955431937196199	1.5879551941428527	
500	1	90	5	2.0589990098653246	3.769924221955069	3.5432463579027895	-4.752491092944863	1.534842785077606	0.20673687219977646	3.412540444521427	1.1630792486517263	
100	3	70	2	3.844033781984421	4.2307579931681545	4.552332984630948	-3.7772461546634526	0.17421627723652988	0.02352868083831278	0.3535688078478446	1.4062539507132967	
500	1	30	4	1.6921266754211413	3.3660146644315354	1.5908152361646124	-5.1100796887065005	1.0790515644365217	0.6689449191821527	0.4556342955698459	1.7931129079001158	
10	1	70	2	3.1933652919560602	5.1303588397856235	2.4001106582094325	-3.916150803977119	2.7542688036100196	0.02841199040620544	5.128346868548261	8.538191511982296	
50	5	10	5	2.8660956591295337	3.1889014689478814	3.650020489783831	-4.56100524340306	1.230492694443343	1.7440096547933153	0.9449831860099926	0.38346134793888415	
100	3	30	1	2.2081706547792987	3.917922763338255	3.731079969729172	-5.192864584283606	3.64558761667661	0.013384854629205974	0.69373421190745	1.3248022937349642	
500	1	50	1	0.5301874747631813	3.694826972189026	1.471129394835089	-4.370299754736302	0.42061642195450616	0.008568990846155092	1.2035405959303664	8.345709331980078	
50	2	10	2	3.863251799130003	0.7910941039440893	2.278822085847068	-4.018334598548974	0.007877917599705932	0.5526874815381986	1.3333505764350149	4.005192485570652	
500	4	50	1	1.934481621043313	3.1054247102812695	2.7091280259823423	-3.711146652270765	1.725763412791381	1.0920223074434738	3.2774210082243735	1.5082556506800215	
500	3	70	2	1.2509582287753207	3.6396423274064804	2.526603696934442	-3.518330102120222	0.9295988102877419	0.6572612297365378	0.638420880098026	1.0944653061920453	
200	2	0	1	4.914045700965215	4.390822674848083	1.9609253579033898	-3.771305779703768	0.18587904186838564	0.5646043151025695	3.826398517892233	4.288010392892711	
500	4	90	2	2.0137865763166785	3.770598924447777	1.8324229447326612	-4.16499352134083	0.7507661126925258	0.5230609204740994	1.5856303905582343	1.6892227062898941	
100	1	90	3	2.9766371016703457	4.204878362972181	3.4804179262703565	-4.101055174727044	2.9514994424338417	0.041770514961729927	2.023648677125224	4.880695317427851	
100	2	50	2	4.186761315920377	3.1972235777508677	4.763703785645376	-4.012409241141382	0.021095180760385752	1.6845202493902824	4.387404482762095	1.2088397770533905	
200	3	10	5	3.5639045217342002	0.885205415073929	3.3000625979747773	-4.360287774014647	0.008271692750805387	0.3668135258390753	2.3323282015819085	2.271375969746745	
100	1	90	4	2.6850191762307802	4.397843603169244	3.553362544515633	-3.4734754743507654	3.4682647107703066	0.04511660032129576	1.5230546097192963	3.0074357379927563	
100	1	50	5	1.478188834144302	4.379892942839644	2.5926049061615686	-3.318904065082991	2.30585905127096	0.18703381731600793	0.6827904714894614	6.531187540706394	
10	5	70	1	5.06270921023149	4.376511234344282	2.775010325657489	-3.5296015958985896	0.028982168001225047	1.1944386773628366	1.0518902992326185	5.692691818883854	
10	5	50	1	5.004221992261827	4.1635869117762985	1.9705944189903324	-3.6446919929077697	0.011131968684562326	0.18174969257256088	3.0108193628555786	5.959652225705048	
500	3	10	5	3.548553047240426	0.7095342418307284	1.973187251631017	-4.467088075113962	0.04566196287454959	0.21599963592836394	5.853818479681504	0.6562979226190901	
50	5	50	1	3.9830875612745875	4.289466274678052	3.9394191830504237	-4.8285428885770045	0.7739247228824884	0.052033492432332844	2.104470719500255	2.832125031673018	
500	2	90	5	3.8974013687611793	1.3509223222465516	3.0615152363530362	-2.6510763306047607	0.09333452831290416	1.3159042127536025	1.0755742170882803	3.042688868131311	
100	2	50	3	4.158976944500115	4.015020473350596	4.772918197010561	-4.694829917651231	0.07837233638281249	0.1592403733755945	1.4523095036749627	0.49454256049537393	
10	3	70	3	4.608751124555886	4.331136973870771	1.820831158992257	-2.648015614401249	0.5414416524755832	1.2438917804931917	1.6494767935992782	2.50190980852515	
10	1	50	5	4.745513263088277	4.923328352329971	4.79062243163493	-6.237415319905286	0.03648787686449633	0.017653298378236447	0.2248958459461702	0.36616232201964105	
200	4	30	1	3.6354015496931233	2.3914675114828206	3.2926196902350355	-5.210398358600824	0.020240110004270413	1.6401349439590251	0.7588441049007965	0.7010612927580181	
10	1	30	2	4.809615269917172	4.788428187449561	4.875276431200969	-6.0023286727834915	0.02386028373725694	0.019108609743735433	0.13380904916410336	0.10646077918009499	
500	3	90	5	2.0045246720901724	4.002413822394445	2.7571361252250743	-5.1904963344301125	0.8252292260026196	0.02140884255739454	1.3560288173337702	2.5756821258896525	
200	2	90	4	4.377305076490611	1.9204159712303668	3.17047544201563	-2.848379904809074	0.0628544658469197	0.7439622044797487	0.2942002220422981	0.6050672173453299	
100	3	90	1	3.7641294800882914	4.267569231888787	3.7218517470726358	-4.463226325829767	0.6964867293592574	0.05286368416028931	1.2479347894735642	4.060804674341985	
500	5	30	1	1.8937027614520399	3.3813736089403625	4.136747878469441	-3.8197977878851375	1.7620562946774732	0.049532984870025006	2.9336445453382636	1.4492985868987704	
50	2	30	2	4.250834087797955	2.0897196548643677	3.208811118893659	-4.367096853134446	0.04755938738149566	2.244859700294131	1.3138019787370299	1.7169736758968375	
10	4	50	4	4.957480369231247	4.356146146146161	3.23786891793218	-3.4212374447759917	0.017065003987105625	0.35607311504098027	2.6911151302455183	3.8435310779919223	
10	3	90	5	4.785257888785178	4.134874497137495	2.573612350916149	-2.8915350022648583	0.7355728998256135	0.8158661160132227	5.379514929562263	2.487965378754817	
200	3	50	4	4.299503668115535	0.8407773610920938	2.204153019228111	-2.317437709354751	0.12618016009396177	0.7627336078662694	1.0303721180043945	2.477197063711231	
200	5	70	3	2.640205424607531	4.166137411971087	3.3306175095391075	-4.714062384660261	0.8069478839408787	0.05196739372307322	1.3315524589952357	2.5621720340960117	
100	3	30	4	3.029731486996461	3.9943722117572307	3.3762035117352487	-5.413414246327742	1.5228934508129377	0.016734587281474027	0.44146214075683365	1.354935523929551	
200	2	90	1	4.159161849837432	2.3504218744530605	3.1694116705527384	-3.422916929431799	0.04769385228666182	2.052467673564819	4.024210844193948	1.5447950212009243	
50	5	50	3	3.8300171186808787	4.283324192957833	4.053752689132238	-4.048285298070531	0.7858094681781888	0.1729183974909988	4.267461532533833	0.6849588324535939	
500	3	50	4	3.054513089565257	2.554115894247663	2.7747844971110767	-3.4612477756776645	0.2871545946679491	1.0793301903895256	1.1068579283919706	2.6455647568591516	
100	3	90	2	2.632433707906233	4.211513123377047	2.7839808378229907	-3.34955218784246	2.311235913691852	0.2916410477918369	1.9849576453681659	2.074224564043229	
100	3	90	4	3.8571744551777485	4.230390163511375	3.669927955878444	-4.911748982999653	0.09693500140743166	0.043574925226844016	1.0174550951583596	1.1952582733578596	
200	2	30	1	3.2387453411196674	1.68295148363878	2.0241921344445952	-6.048987847347484	1.6681047453107258	2.6459718039369498	3.708217155037724	2.004454794111876	
500	5	50	3	2.8740191391737486	2.2763721538673356	3.2265865189753264	-4.761221979364192	1.475158130901321	1.6688546571803347	0.25789242024017617	3.408096481252891	
100	1	50	3	3.2471686354397726	4.121952148676511	3.7091648125818573	-5.82920748458817	0.5594017452523736	0.00774044908099217	1.3972231058345248	0.3620207927838172	
50	3	30	1	0.6531826399654015	4.213467383524281	0.8674365706017484	-1.654967538681195	4.627911927977172	0.025693214965472225	3.7168578870182243	6.570191414020932	
500	2	70	3	3.735697720516747	1.344411268264289	2.306588276402017	-1.5249842397531255	2.2667060124623633	1.7953952227185312	0.2515115316844765	0.8348000298171968	
500	2	90	3	3.8838979228868697	1.6171731253409058	3.152257583177864	-3.4677209963030458	0.04539153717230814	0.5678340961704685	0.6436088235274887	1.3225160174571147	
10	1	0	1	4.079685946428939	5.005360877992676	2.6382888990206577	-4.397573362111656	0.4360396520794184	0.23927493745914266	0.8622743019179319	5.800185157794047	
200	2	50	4	4.100246283091075	1.7387569509875227	3.008499892230247	-3.7483856744111734	0.10692180022659546	0.64632896116987	0.681598333008318	1.8226846793387081	
500	1	50	2	0.7083752607606005	4.063612719596517	1.6484433282510884	-2.4695042256528352	0.8349582524176273	0.6219655390013196	1.0355100620852662	5.069197474147885	
100	2	90	5	4.390198833292511	4.257444643144828	4.135983352357833	-4.376588270858649	0.04993297125346925	0.07468749679080587	1.1991484758925344	1.3983805585076006	
500	2	30	4	2.500648152116563	3.3490737578600003	2.7600455959934966	-4.673415233724228	0.9164326761099469	0.06746852805494893	1.095497248436756	0.3265126217646398	
500	1	10	3	3.328181723326334	1.5746319266623936	3.7295930140952933	-4.263586414907007	0.23851360879370337	1.1093604377563588	1.7875212604393798	0.6028522590130885	
500	2	10	3	1.7356142660230796	3.4982486614466954	3.85817596552845	-4.128961308467439	1.2831181009472201	0.1741154728476392	1.3756706212966507	1.187594379960142	
200	5	90	4	0.8817081356552134	4.2582014909825405	2.7389447076522573	-2.7414448476637654	1.0572105199706667	0.036553131723122405	2.0346918828825045	4.098530096147049	
10	2	10	4	4.689629859453205	3.339563991136118	2.3041718101985458	-3.174822357142616	0.08508901686551398	2.3172806451116017	2.070755212459248	7.470709975070566	
500	5	30	2	2.792571366812116	1.3200323912417693	2.9685232090475555	-3.61838101427117	1.7919019542319161	1.2450337678193844	0.8055893143758013	1.279398342108747	
50	4	90	1	4.743986657193847	4.641700361702039	3.867979808931545	-5.455253656063472	0.008389918585020426	0.011350408421745275	0.05210014039856835	0.809914239122576	
10	3	30	3	3.702477469663599	4.937634694741283	1.8376277077718062	-4.544856825691299	0.9789924689442843	0.015354997065768827	2.222267618993554	5.5947025087817615	
50	1	50	2	4.447097517394601	2.741604928877172	2.819056378996403	-2.4007871729627603	0.15743782624835506	2.8702949824041033	2.1631318197799834	2.4500531369840903	
500	3	90	4	2.041391781417289	3.844296412011885	3.9595480333848436	-4.980727102967259	1.2610681281430012	0.09741234594078427	1.5610081697489682	1.5275079667256855	
10	5	0	1	5.140488187189219	3.3570200712379035	2.4652270430567302	-2.3201966273351977	0.10397018495603681	2.022620892410552	4.6364732500738395	0.8883150885891286	
200	2	50	1	4.029373915299307	1.5188587665402906	2.2888075013872533	-2.791672719505894	0.1775801627507949	3.1257998094091692	1.4002893307516373	7.948380382337721	
200	1	70	4	4.523888794555681	0.615131885461671	2.0064941816495887	-1.4323712632241086	0.03525029057379935	0.16112416478319883	0.7259063522211495	1.0416835123774202	
10	4	10	2	4.366288255749395	3.7934941011343577	3.647310585638035	-4.752272094507966	0.10260888728850585	0.6411974100411435	2.0459092368049374	1.7399936796805424	
100	1	70	5	4.200931871983915	4.195352677759418	3.751225307323592	-5.297875300613697	0.06260391122791266	0.02279167318546491	0.5022729116593131	0.7653226998050461	
50	3	50	3	4.159848414210856	4.764854931320755	3.6898235685622027	-6.853874563176508	0.08731780910245672	0.15405192097206594	0.27795124417117417	2.804200831100075	
200	3	70	4	4.379075669694994	1.1706740652412633	2.402075145444895	-2.6008589803005187	0.02812471277825281	0.5053444533046367	0.8215383927328616	5.184668108057131	
100	4	10	4	1.1201346650831754	3.916864470934961	4.11510551124869	-6.129983375243647	1.9096095806882656	0.16776754308921196	0.2329574577869799	0.7655754304983812	
200	1	10	2	2.4716601802364924	3.416789364099087	4.586825245576471	-4.108529692206942	0.05041566894838094	0.03436030742199169	0.8682911715762254	0.17622130427435503	
500	3	50	3	1.5626695727941775	3.597227025051285	2.802959796966019	-3.792191814717909	0.3938747362005426	0.011882141941010907	3.015194562931623	0.3528827960589359	
10	3	30	4	3.959880288785793	4.0133426895681685	0.8457537506320866	-3.6572035413382094	1.3048078464741864	1.1778260904164033	0.40734084776791396	5.1994735277168695	
500	4	10	5	3.1451819047948413	1.693926817923626	3.5692284070267695	-3.9068743124072283	1.2064297214540283	0.7410494428721184	2.0761675335687086	1.1408788092185038	
100	5	90	5	4.050655746561006	4.121078556857788	5.0817278720719194	-5.030651894110175	0.03206309734193664	0.029161527468247853	1.6519449152309669	0.4114643776400634	
200	4	90	2	3.8299547426115055	3.090439225559735	3.0867996996681515	-4.672191808781876	0.4433715791447204	2.265618101705014	0.42273975252590096	2.578573241096526	
10	5	70	2	3.6227750928965117	5.159596842925959	2.8442732706613927	-6.127409301038211	1.1946693518461569	0.14777274761465523	1.216004832837815	1.590819788050613	
500	1	70	4	0.8225499659496561	4.03107561898248	3.699490765101069	-3.3469783340049064	0.6914980260214623	0.3857508547423673	2.4036699314772805	3.1065064931023962	
500	2	10	1	0.9620293126399438	3.7088224308008306	3.149546267395125	-3.9179960477220077	0.351791729415175	0.007716750971270776	3.5182545035770674	1.1230715215701152	
50	1	50	3	4.252832260566876	4.206163631727929	3.577723162047718	-5.539398016162615	0.029862230352175917	0.046410327743116604	0.3500375040784249	1.019930488975619	
200	4	90	5	4.235823259465234	0.8012592108680345	2.8071247131546957	-2.1336553741203614	0.16380537617346805	0.29718613060099264	0.3369540705622601	0.46516309102412406	
50	1	0	1	4.734354164748004	4.8456227278355986	4.726069122371572	-3.305613501398503	0.10246076080549989	0.11353424515115548	2.200907565414531	5.957007184554379	
100	4	70	4	4.0109085575062355	4.051766145273724	4.649097698285328	-4.455434366909032	0.08375317981565499	0.013819968728000242	1.277938478297298	2.538384129421844	
10	5	90	1	5.11621134776635	4.1826572492725	2.50457688435652	-4.514854280151725	0.07221574101061035	0.43175516227054594	3.946664060532462	1.7213245088028957	
200	1	90	2	3.5782299748622646	3.2469636444575514	2.3216932374712713	-4.392060641154311	0.43433378089695285	5.4916506459262555	0.16026997694913256	3.5182586005613943	
500	4	30	1	1.478892173549347	3.5355643483640495	3.051193416749777	-3.6463490613922405	0.8635588008638012	0.009339430666424167	1.8488505749116448	0.4831363161334796	
500	4	90	1	0.2485314527971138	4.134635932593789	1.63153201645117	-1.4012603675515256	0.024759704471299417	0.0421481372546446	0.5554443652113071	1.0188016154666277	
500	1	90	2	0.6905979981902768	4.371709616486771	2.152268683464894	-3.0643610213923913	0.40022112561930634	0.43593860319633965	0.26609603708167534	4.52571526534105	
200	4	70	4	4.6321395233179805	1.0479526264465677	2.1614726656859164	-1.246464167217731	0.0985623294830386	0.2078032110928899	0.8386934742765831	1.8737633815432209	
500	3	30	4	1.152151548962006	3.3938720257420925	3.6734370080848433	-3.854540808952922	0.8413078026178344	0.01428038359515872	1.8028286458593141	1.9865852886014397	
500	4	70	2	1.0504981989884847	3.880622546637349	1.4172673700098968	-3.971884089559427	0.4431023290963573	0.08441371672398182	0.6752714616077559	5.799441356808418	
50	2	90	5	4.770597545310146	4.4912831835547005	4.421348482642066	-4.622599463296099	0.01609538003635555	0.013102066537899746	2.117723504461374	1.2120888668859182	
200	5	90	3	1.8606103263190634	4.283671088449352	2.8783811162651154	-3.207892324717515	0.42543770288893734	0.01162329559743643	0.8495395638226407	1.5922652341334222	
500	2	70	4	2.717117397413819	3.7859026159188645	3.5914420671657172	-4.796850311083093	1.2213548058456924	0.05105823628671117	1.167978975924534	1.8556586440815286	
200	4	50	5	3.6772900142532707	2.236886740140129	3.0158240015308735	-5.169137085612159	0.8858633281170079	0.8268134817824015	0.4921678794231576	2.3788645200564162	
500	1	90	4	2.0674551867229494	3.7199922386913	4.157745334837002	-4.695292199797402	1.9206136556568743	0.05128115888758017	4.092271562664385	0.5469292468225712	
500	5	30	4	0.7620386453734308	3.397977974417136	2.1652986227801336	-5.0011507249446305	0.5413277734764205	0.04500960884145239	0.6340094279252266	1.7006816760937156	
50	4	50	5	3.462815876413852	3.6509604278256313	2.855174602157169	-1.9129446288968404	2.909280632365999	1.8920164633196108	0.7898387431129459	1.032918663304382	
500	4	30	3	3.3116508196805756	1.5761149629628068	1.957078313248191	-4.030750935122567	0.47480756802499235	0.6530072459774902	0.6662064578644328	0.6611192916797647	
200	4	70	1	4.6260735375385895	1.108981067825294	2.1772624957493627	-1.4508473651564324	0.06220816814463273	0.7322993654004539	0.5469395477453682	0.46982857801779304	
10	5	30	2	4.856761837956755	4.488614595405751	2.8239368427380893	-4.329593285820528	0.07146959123746907	0.1984918149362906	1.641721768755058	1.8570917615724312	
500	2	70	5	2.5530361287834666	2.572808420690464	2.8252699296966632	-3.981522275393901	3.389144616745924	1.8867274515105827	0.939185247781019	0.9175893071155475	
10	2	30	5	5.096977944712823	3.8901675124419266	2.624278835457378	-3.3059066307431784	0.02085587860665413	0.8280627950025337	2.571338458312288	3.4146394325012324	
200	1	90	4	4.50232200228777	0.3323579231493454	2.026701057625601	-1.287058200840414	0.08728438965509004	0.20981713039190086	0.3401146477417265	0.7654329435798773	
500	3	70	5	0.8662487036584259	3.9383866539678642	1.8298491031070439	-1.294404677008758	0.21879209521771656	0.005574760769638571	0.46579821338809985	2.6792037384295044	
200	2	30	3	3.8775625261588007	2.4872093834554048	3.266432735746222	-5.504927150361688	0.01792189747655239	1.2576206327599722	0.2627011681103256	2.028397788874115	
100	1	70	4	4.371348639542722	3.9857513155983195	4.3447110306583685	-5.276947117207772	0.11532580484722607	0.057654480829002555	0.5012043470340214	1.0929111229792026	
500	5	50	4	2.5706034825748554	3.290833033892784	3.1266394725516604	-3.170558927111071	1.3476020411180307	0.34542346099025495	1.9576424405757562	2.54824788812139	
10	2	30	3	4.070263899387352	4.588587219696	1.1098225979727245	-2.6121448791102018	1.190133131665974	0.6145909579955166	0.24745325417433137	4.5285412068044	
500	4	10	4	3.255090584936038	1.619758073118639	2.977036873747066	-4.387834665350091	0.376614542485925	1.0999474139550554	2.19281890703885	1.0615438446672798	
10	1	10	4	4.732127654842921	4.180801211295794	4.58469476468445	-5.838161417255903	0.007759300932275872	0.3308134060397666	0.4025220900132961	0.36200283320605486	
500	5	30	3	3.309698669897123	1.3521428067109749	3.0119742042235482	-3.794098457690841	0.03730342537530911	0.365396372370416	2.386050441252566	0.7317900184224196	
10	3	90	4	4.693088224637678	4.503818043266383	2.880066841197905	-3.669895778719458	0.08723511818195637	0.3640496497844428	2.895719957385586	4.177346129822502	
500	5	10	4	0.5976092777206284	3.1651099731187013	4.9339056274191035	-4.913523789969541	0.21019319077127277	0.03824680971063912	1.8261937501277523	0.48521178859596537	
200	1	70	5	2.0673568238274433	3.469753162461597	2.383166793395703	-2.4993087825797455	3.2242778433452846	2.3607479784694743	0.4033857442281944	2.8586133039359765	
500	2	90	1	2.301990832454746	2.7311863269493366	3.268674114236623	-3.577809985050112	1.9056221971005298	3.3085993162343947	1.1687757766193863	1.455986969824294	
500	4	10	2	3.12973025468207	2.3396875254672738	4.8252602776612	-4.551613853485606	0.16149029896191716	1.4644367452048141	1.2160898994204787	0.3460398279291088	
50	1	30	1	4.378344005198462	2.094546933228589	2.7759219842389604	-3.559673004076996	0.09348418730273972	1.445044338002652	0.26051959900498	5.054322986390281	
10	5	30	1	5.013653147504657	4.295476776503836	3.200130084918835	-3.0435094641282445	0.03226271652859726	0.35428605492936066	4.2543873528341045	2.765980980605505	
200	4	90	4	4.538580029772951	1.6558499621373741	2.5750018265581267	-2.433259961205291	0.049286541128225274	2.0963202366031197	1.2957468225138782	5.401818570523186	
200	5	10	4	1.4969283879070048	3.5831746869225087	3.266581227557178	-4.040340132645043	0.6095163983102956	0.0805990916248955	1.1110633566772274	0.6813438288735008	
50	2	10	4	3.8439996429788685	1.144315352988214	3.695143176322532	-4.941709726449965	0.00959803957580783	1.7377606008505198	1.0942999328128553	0.46215746624556364	
500	1	30	5	0.6253296877595168	3.5254573462177192	2.8274433089906097	-4.4347165940052395	0.2521271376726264	0.03910502677754883	0.8094406879955086	7.803706698751844	
100	2	50	5	4.124470251970221	3.850617683368834	4.0397546395482715	-5.087875367278187	0.024413147186496252	0.7843022149352074	0.8438897912494004	1.0776440034893464	
200	2	10	4	1.4543121126182694	3.5378587366021494	3.1046327411467165	-5.09358750097325	2.1263757439250313	0.32838813774039416	2.400785688395769	1.0362848974894308	
500	4	50	2	1.200314110974021	3.7131740678821084	3.1247794298928038	-3.4205407780413464	1.5011445638558625	0.016943624364257098	0.3420500597727935	0.10868560338596421	
100	5	10	1	2.6380515313011195	3.2383665116143976	4.206483542426456	-4.993735039487949	1.7451814546050548	0.9812234846088177	0.4748427891525465	0.4743576414902663	
500	4	50	5	0.7651343091033375	3.6952426032350325	2.1229648805156773	-4.222707352135511	0.614892117022464	0.015922684483974478	1.1244015826547182	4.3350069441974926	
500	5	70	3	3.79667485598995	0.7186882605351007	2.2401091677053184	-3.9506124101437536	0.008660034351872214	0.3307789790827694	0.7107300341805616	2.5119434067779367	
200	1	90	5	2.459684090501086	3.6891221650096235	2.6408781208596683	-2.9711030852043265	3.856899016401422	3.4312221339146456	0.704666519169772	2.9773337642448157	
500	1	10	5	1.5982108824982737	2.981471986957072	2.8040346140592205	-4.528225952570763	0.805764421434878	1.2834426479924328	1.907646260166341	0.04629137431323394	
500	4	10	3	0.6624104936532298	3.441136605115922	2.549732364501784	-4.1900214508583655	0.23888143745783677	0.06525912943903757	2.7440111091863324	3.9461000203218775	
200	5	70	1	0.75624114059779	4.350207584133587	1.963832091036542	-1.550213841604398	0.23079465506356756	0.010035873164771059	1.299451891598432	1.3202985132174705	
