100	2	30	3	-14115.65177577879	101.44088556867227	66834.91885495796	71197.82768885524	173681.25022350976	2.930857511411804e-05	
10	5	90	2	-9488.23659987519	540.0263104729445	188932.7554663378	95549.8093684611	921045.2673829158	3.079160919321534e-05	
10	3	30	3	-6316.177608018426	802.1140012414219	114740.05070135652	119744.22091472574	880211.111326799	7.214446403726184e-05	
50	5	50	1	-9666.07752245749	248.92355261434182	77478.25911132498	89452.7061931238	428033.84504001564	4.18561321310947e-05	
10	1	30	4	-3825.238559314931	185.01105558045046	142178.2082751559	117134.24828090545	309288.0289321311	4.135703776405453e-06	
50	1	0	1	-24534.66423408755	206.64554208283005	72266.69395585588	114572.7036969831	353135.6287621993	7.562681762949423e-05	
200	1	90	5	-21703.68313136476	267.3887085651819	63758.71717426818	61486.5564697553	458627.7649046307	9.272574908329934e-05	
100	4	70	4	-27234.510979238356	736.6130739782534	128810.03332832648	126166.57817469414	1235551.499729715	5.902069131777472e-05	
200	5	30	3	-30453.998868418315	409.81774828627397	54163.81840093036	68619.44248392548	693724.3155001776	2.8146709390259477e-05	
100	2	90	2	-10807.832135441715	136.3020573643451	100073.14613649457	85323.4496667709	227778.56797414098	7.721579322918795e-05	
200	5	30	4	-29744.599751788308	2061.017737538401	27630.536777400255	55579.7270852232	27866.125759176397	2.773132313286325e-05	
200	2	90	1	-27283.28195819513	2803.7196834922465	1498.7203031613176	1352.713370956119	53.190205940219236	6.592278669851624e-09	
100	2	10	5	-16923.63451713944	155.16709852530855	36067.32118181723	39724.07401148734	259137.08579406433	9.702085202285493e-06	
10	5	50	5	-7834.878112016773	521.0643813960862	354186.45866051316	69484.88762699928	850953.3706440381	3.7261733355599176e-05	
50	5	30	1	-10410.057430374305	252.44446803992412	74620.30080382741	73066.4500318116	412718.77030293853	2.8814135912119218e-05	
10	3	50	3	-7224.533379523402	420.3522253825218	90272.09433292899	213575.2061127524	706601.822840358	8.603712225287547e-05	
10	1	70	1	-5224.676071829579	179.09002451983127	147934.62134890858	139985.11371969202	302465.6280676009	4.475265004310785e-06	
200	1	70	5	-22271.714134597572	274.7852769727458	50912.10674082171	68033.05859590587	451361.0809603329	7.59607552820367e-05	
50	1	10	5	-12597.789824224996	3027.8809341478723	54185.264281007214	24069.59790260328	943848.0744794459	1.852565230109913e-05	
100	4	50	2	-28291.258312708793	1328.4351117912463	118739.23121746101	122848.91586142976	1515555.5870645542	4.355040948543571e-05	
100	2	50	3	-13288.71784861495	145.1892709819091	80499.46901788613	71449.6762379169	235159.47651596146	4.581551470232225e-05	
50	3	50	2	-16459.772751915105	1935.7352523619354	100674.3011262635	125825.19327330572	596899.0203361737	2.9825707460569853e-05	
10	4	50	3	-3621.0416928078603	202.04530046876533	153408.10126634664	53772.299251504184	337667.8858442555	0.00016953253352802828	
50	5	70	3	-6444.16073480396	240.80520896210942	85217.22906647733	96280.96861825528	414679.58119460644	5.7467582005751295e-05	
10	1	10	4	-4185.318061401694	191.23663097844982	116268.51020386691	64115.23552207675	316282.3067574438	3.5316098646705735e-06	
50	2	30	2	-7688.6082710278015	140.15949756009348	58406.25283385227	49418.423829553365	238444.3918223858	3.5696537750325875e-05	
200	2	70	4	-31229.064535736634	2100.1246921539127	124958.56424936114	72566.29856572876	4616.026130123609	2.5093907858015932e-05	
10	3	50	5	-7114.869895432812	531.227778415927	117644.1863125405	152686.1505587119	625468.7794469431	9.292391925435863e-05	
10	1	70	3	-5288.980844000514	187.8919685084016	141862.29844119996	141172.2548491436	307100.54482027236	4.345118420712021e-06	
50	1	30	2	-9898.340826373525	286.35354177558776	55373.29763960998	51715.74373781976	484313.55419658223	3.125263855523079e-05	
200	2	50	4	-33002.19951973698	813.0546747273181	88896.44681784388	85837.2393855037	1386489.4265916003	4.580086692309961e-05	
10	5	90	4	-9739.93187357236	527.9819114047783	189803.97088508573	98735.91464766518	846639.506790785	3.7266152259653235e-05	
50	5	50	3	-9638.596909931097	244.63053543672405	81184.22256919423	86816.551567952	420939.9412837279	4.3657810829730525e-05	
200	2	10	1	-47543.59872785229	477.75708914902424	57865.486017028226	66599.76149602541	801377.5356345184	8.492541074630603e-06	
100	4	70	2	-27330.998864508838	708.6498905698643	130015.79304414707	126686.55036017261	1202173.7625624842	6.51784012528682e-05	
100	2	70	5	-12382.361944964296	140.97065764439466	92699.67815005884	79088.29184794486	225691.27417867244	6.006571730127587e-05	
10	4	70	1	-4199.136122139633	165.27528629967836	129630.99312256394	70593.89934548718	281034.41559792816	0.0001613705296885756	
50	3	30	4	-17516.019207962225	980.9962215340687	103391.21965553521	100578.40920007523	1680461.3274120227	2.1706043507963015e-05	
50	5	70	4	-6352.518647043747	246.34524331114545	88509.86795038728	91205.30572097217	424280.616921183	6.156751376904761e-05	
10	1	10	1	-4280.009057478443	187.43478627667903	112773.59098998044	67504.82701632121	311978.20928314514	3.853599782848239e-06	
50	2	30	1	-7690.962809449548	144.18575468740383	58428.26529036905	48849.95450527635	237021.1640727151	3.6820051557713295e-05	
200	3	90	1	-31577.031445791483	[424.7933682839982, 95835.98542779824, 87763.49820283358, 721689.8344202606, 4.733089926334702e-05]	[424.7933682839982, 95835.98542779824, 87763.49820283358, 721689.8344202606, 4.733089926334702e-05]	[424.7933682839982, 95835.98542779824, 87763.49820283358, 721689.8344202606, 4.733089926334702e-05]	[424.7933682839982, 95835.98542779824, 87763.49820283358, 721689.8344202606, 4.733089926334702e-05]	[424.7933682839982, 95835.98542779824, 87763.49820283358, 721689.8344202606, 4.733089926334702e-05]	
100	3	70	4	-15730.45218516142	227.24305105431367	76971.8978420849	91120.57972261363	391091.54881638836	5.990301419333395e-05	
200	4	30	4	-30101.278570713464	1132.9155866450212	65431.026947816856	63933.47663718972	820672.5531578518	3.059219611771324e-05	
50	2	70	4	-4405.633959958078	143.2139182008882	77164.44454942939	58298.78882947438	240518.77823484555	6.805618653233221e-05	
100	5	10	2	-25744.796132556825	2774.699973203626	46534.193561241445	53161.570221594615	1141553.7951056117	1.1429950662705629e-05	
10	4	10	1	-3644.2167297250608	207.38331907813438	54714.258816038215	59191.71992325185	348525.14118387597	1.7609728418346552e-05	
100	3	90	2	-14453.313906288648	259.9252182050279	76310.60951795957	95882.61488485214	429799.72005439724	6.725441199998216e-05	
50	2	50	4	-7033.021853428031	141.28821705591554	69642.37627968154	55683.5745437548	238990.51942150338	5.259912792971927e-05	
100	4	90	1	-26500.17116395919	504.02696835608924	142371.81095907415	134994.84552332677	828798.1427717416	7.730222505855767e-05	
10	4	30	3	-2910.7123475637577	218.38858322202168	88171.34916882204	68613.79478073108	359587.3217275608	7.712608785386645e-05	
200	3	70	5	-28505.595823746968	2525.141489481151	9316.963893314763	8235.271842031101	434.62601079064314	2.184489879542012e-05	
200	4	10	2	-38254.27733627057	707.6401248458109	49627.98807779891	48984.03687516432	827295.6392036489	7.3785504215244155e-06	
200	5	90	5	-27906.58607497391	277.1953830785355	65784.74339365876	104915.47565845367	470259.0058406882	0.00010723462806470479	
10	4	30	5	-2875.6079948271017	227.829841297298	91511.58072237765	63167.088484913394	379334.988009148	7.810180272300696e-05	
10	2	50	5	-5416.112198563952	313.2456246141859	221188.11692727625	137555.99355233822	457164.3620374473	0.0001735232430371539	
50	4	10	5	-14176.336232108839	2215.278273701684	10815.630677531277	11373.950662581898	4159.46276337408	2.5921874191156954e-05	
200	1	10	4	-28949.2571272239	826.6110606339419	35528.54644310461	35429.6116941706	304975.80927138584	1.8939906017439884e-05	
10	2	70	3	-6836.697981617126	481.2395319639273	263734.3378157394	124561.85673047064	480060.08381980093	0.00011957626933025369	
50	4	10	4	-13736.360108419247	2282.63000556558	5115.707740150992	5437.990140008147	1880.0617161225068	2.5175002150988255e-05	
200	1	10	1	-23436.21222008656	1705.0795894202527	79.7085374670414	83.47275362256195	29.458866443222846	1.801516031870571e-05	
200	4	30	2	-30112.460216594845	1223.0963614120978	66314.05690090866	63846.72040535077	632358.0769829551	2.943300385932982e-05	
50	2	90	1	-4202.345847162036	144.27573226034428	83879.45209796497	60448.6775806263	241455.3294385966	7.648833895883869e-05	
100	5	10	4	-25587.707281631672	655.3345884578307	49434.102563970424	50174.15650357666	1121495.6485542143	8.84718458047977e-06	
50	4	50	3	-10861.62791960486	369.4258464209585	90243.45484945744	117881.56142200838	379990.7615553349	2.8415791628476585e-05	
200	1	50	2	-22922.987626144124	435.31760629934183	48605.36773073163	57822.651551323026	747333.0276725227	5.4874823913245175e-05	
10	2	30	2	-5056.204743029037	427.50254436221644	140973.2785381351	245382.39810352144	397825.1582131522	0.00010424979289908215	
100	1	30	5	-20550.656678434567	511.39095991023083	74519.96089849275	75015.8845642079	778944.7863023488	3.2877449667400805e-05	
50	3	30	1	-18246.070679653625	663.7140902283933	62855.23685755364	182686.70887032227	1137383.067421912	3.014516972905757e-05	
100	5	50	3	-18147.12008566325	358.0717585579222	78019.98261589467	85533.38831761824	607767.6193244423	4.031076322651618e-05	
200	5	90	1	-27661.738999661047	532.4519322197968	66730.55189656172	87508.62993547432	902109.4792222896	6.025620926512086e-05	
200	4	70	3	-27753.492337454707	379.0836539679718	79802.30414540281	76466.73175454311	631150.1560534929	5.5671030749155395e-05	
10	3	90	5	-8734.638194771756	690.7144915103588	85042.2509697658	187875.97218585116	1013302.771760485	8.324881703815442e-05	
200	5	70	1	-28487.2612796923	621.15294058181	58378.103968844705	91273.03740142305	1069641.152599833	7.850224233103805e-05	
200	4	50	1	-28492.860857439693	303.3265548281989	76480.7610425815	74768.10672831186	503311.23632186954	4.6203218751614524e-05	
50	4	70	1	-7739.294789534853	321.99146977104596	79586.70199076885	133531.69429920072	510049.4982333106	4.712175996844446e-05	
200	1	50	3	-22795.83267516611	320.668853578463	51301.61871882136	57046.46970788909	513729.2737245466	6.031471809752598e-05	
10	2	30	1	-4634.53403986287	312.07400422676403	117368.42789536792	232166.03758000687	508442.73052443203	0.0001331000472148773	
100	1	50	5	-18810.964314858484	363.5816387641919	89763.70755731885	82044.87968473058	625449.5895201791	5.9023419737339836e-05	
10	3	90	3	-8663.249945640462	405.8782862901438	333185.4043344568	78116.76130326322	647560.3740531949	0.0001367939962640556	
50	2	90	3	-4217.1472063854835	145.87271548599858	82807.35171376468	61773.14533141849	239283.1199568066	7.853156917530933e-05	
100	5	30	1	-19901.477128708797	365.6906988351778	71977.8520196964	74172.05367749062	618509.6380469088	2.788062170775049e-05	
100	3	50	1	-16754.17932279134	276.24785485747566	68046.01233810592	82360.60258694616	474747.0742580547	4.042938791178733e-05	
100	1	70	2	-17306.215184377223	392.0137690018859	90080.98582724732	90834.22358849127	641657.7627873421	7.574377318925544e-05	
200	3	30	4	-29319.707619375044	2374.6417015598313	1303.9849242520836	1579.517576248759	114.50996507481516	2.0637441607969257e-05	
200	3	50	2	-29531.140482045794	2271.5476612666994	30817.887275937457	35411.6913790265	2427.5049317099592	2.3871340954402026e-05	
10	3	70	3	-7818.091007021057	642.9438571585631	110672.62319388137	132992.98696471014	943559.7352098052	7.546819816175108e-05	
50	3	10	4	-28646.044031676105	727.804540312661	90270.81526946816	82014.83859024766	1252699.1673608965	1.4998527080538525e-05	
100	5	50	1	-18361.83882076351	362.0336783228671	78481.31107715008	85284.01420040986	601701.6597542224	3.9100833085429704e-05	
200	5	90	3	-27711.278217979037	544.1050444374312	68450.07893748091	84084.27414548135	922842.5748002703	5.5014069828028944e-05	
100	3	30	5	-18010.061293336894	342.38365771269855	62000.616594268475	65774.5108360576	581627.4047856596	2.986126841237594e-05	
200	4	70	5	-27802.797712577503	438.3133538015713	77535.60652471457	76568.00152230388	743713.7453950419	5.679576137455603e-05	
200	2	50	2	-33106.93289308769	1036.4692712818066	88266.27686816674	85710.99012524587	1293100.991747616	4.4506843279093544e-05	
10	5	50	3	-7554.9267562117375	514.7420905930877	182669.14152469253	95515.21972125758	875651.786640579	2.5491583008600368e-05	
50	5	10	4	-13655.67658808256	2361.8834945090816	5180.786635706756	9808.867870706772	7554.646298515474	1.7332065331272624e-05	
200	2	90	3	-30809.497249253618	840.6235090105309	95126.22020674185	101660.39514146817	748128.800332814	6.759466658259026e-05	
100	5	70	3	-16999.56175013407	401.94675221428264	82529.99766313349	87956.20011999505	686149.8674602683	5.2540711633259734e-05	
50	1	90	1	-7385.756549890254	224.35814995027692	70283.97565744862	79187.7567488035	369002.96191692917	4.879386736417867e-05	
50	3	70	5	-13245.27933056685	501.78143958393633	115024.416564206	129898.46690457029	863146.7643900603	6.801672542498392e-05	
10	4	90	5	-4624.604155795297	472.911926461109	221189.26885049153	45732.040380282015	339126.6489179419	0.00011927383895215576	
100	3	10	3	-23095.352713954107	4947.664101435377	41615.37144629258	40062.81174793355	565363.4271345588	1.1704689097400225e-05	
100	4	30	3	-30536.38829486797	476.89386005044196	127716.79506460452	116206.30830549376	817441.3370041514	2.8432300607543366e-05	
100	5	70	4	-17637.40631072337	194.05643217652405	75792.2134637056	128413.84964586061	332794.68989238446	3.391925353260224e-05	
50	1	90	4	-7503.723384090274	248.23758959722684	79517.79967723215	65738.3946455699	427167.979702792	4.578019484823179e-05	
10	4	90	4	-4624.868256523703	275.2174637410147	231147.44843547491	47737.54813923375	327110.79218688776	0.0002050888355534462	
50	3	90	1	-12792.710737449755	789.9433834166639	104935.83035549991	137450.52002447777	1280678.4291912008	7.305363842374371e-05	
100	2	90	4	-10829.424364606797	136.17311219175645	97328.08976791964	85439.78337556886	234051.1321334269	7.513735591929639e-05	
100	4	10	1	-50263.532587252404	1381.641681115142	83692.86063900455	110508.61716829998	1205700.8741408943	9.50268604979517e-06	
10	2	10	1	-7051.31668530605	348.58613265325556	125876.78024320585	125584.39323494067	594764.2621401205	8.843194588982673e-06	
50	1	70	3	-7332.133918197829	224.619449053857	68610.43654293458	73175.79958918593	382475.31191394234	4.4903465619719254e-05	
10	3	30	1	-6636.2642071710925	483.5400656042049	235774.45241315215	91927.00928846243	546701.1297218495	0.00010224234777628328	
200	3	10	4	-44262.81967849454	1374.8214471616063	58435.69780414113	50315.32705748447	2348167.092727088	8.178223613627073e-06	
200	5	0	1	-61046.55070158218	236.14004705873157	87092.7907460952	181184.34325147074	393515.19823758525	0.00014219608510000588	
10	1	90	5	-5835.1276732196875	181.90280341602286	146287.272928768	139998.94517994675	307697.57558461046	4.554218734100676e-06	
50	1	70	1	-7426.1388238554055	234.33430470644393	78531.15032047588	64335.77688940618	373961.43898396386	4.048289444959172e-05	
200	2	10	3	-46997.299053889896	2844.7811411770854	58616.54313031757	62167.36609648655	3763881.6464688764	6.61895944294692e-06	
100	1	10	3	-28406.487784246725	1540.0429645875997	52835.19490958867	55967.47190687714	2359767.6292362935	9.313467807111547e-06	
10	5	30	1	-6026.744787916487	541.3387846242688	153610.07674407237	96456.04375785681	921272.6537327977	1.8798825187908796e-05	
10	3	10	4	-7871.613952077677	797.3346927480992	93378.01781616492	105563.00357588677	1369994.2921571168	1.2065342043339285e-05	
50	4	90	1	-7266.227403947978	308.3164310497558	101936.20805939438	111743.15796825726	517845.28878025356	5.53824488950876e-05	
200	3	30	1	-34231.665607613766	2027.9813878800255	75175.89018543714	63162.34050965524	417376.41687285353	2.818431534949155e-05	
100	1	90	2	-15878.113042209328	321.6847119588111	104952.07469262058	90230.29071029414	542531.8672013644	9.188168203812293e-05	
10	1	70	5	-5258.141477271545	192.27789762358722	139894.3249939029	148301.9280909559	299872.4509767311	4.519433361632732e-06	
100	1	10	2	-28699.850618983844	587.0142360498461	57018.01611056952	54589.88803066813	651998.3624018508	1.3895943166622653e-05	
200	2	30	5	-37322.04196091687	499.8672853763319	55662.14195612102	116080.4373434896	825548.8535554894	1.734617843279141e-05	
50	1	30	4	-9918.61775771467	237.8085546828666	53861.17940260935	57538.556820662605	396084.5894710243	3.305471659497826e-05	
10	5	50	1	-7397.617869679301	512.5357768329571	174129.03117027014	98335.7932027728	877009.2040969031	2.472806689318621e-05	
50	5	10	2	-11042.272972491885	1881.7568016518817	1020.3319600243078	1033.9880608790454	367.59719930770984	3.238454147558969e-10	
10	2	90	3	-7447.978504760569	329.16283440061363	223022.11443163856	142426.0348687163	461360.1026896804	0.0001590717817346709	
100	1	90	3	-15872.844246763945	322.7157708578332	90384.62694829721	105734.1638570845	520832.2894089498	9.272536472100686e-05	
200	4	90	3	-27291.521781318697	327.9834473318703	84775.97728610627	82696.57153446485	547274.3970033692	5.779383009830031e-05	
100	3	10	5	-24963.426055280597	519.9986561105104	41735.72836378777	58033.26118608597	267939.7219594037	2.402826959508243e-05	
100	4	30	5	-30796.094539353136	3222.5248653779636	102796.71719615028	107316.22998318764	273082.1374177184	1.7844418055798862e-05	
10	2	70	2	-6661.769246075144	394.491680570542	212005.49475776686	141152.53248595825	486785.96153120906	0.0001358516468796739	
50	4	10	3	-13273.344465542576	2331.4746679305968	1025.0826771355619	1133.035855962567	366.7593381051792	2.31260682975052e-05	
200	1	10	2	-28810.71068143819	274.1159690353335	35938.79369421182	34777.30366441683	471919.0806241	1.1900601823322591e-05	
200	4	30	3	-30021.226507632426	1222.1153923498268	66223.2898256676	62973.952163310474	943146.9496950739	2.9151171150904632e-05	
50	2	90	2	-4123.1953690893515	138.65666904806125	85509.96589007275	60835.72719769289	238382.5897713827	7.7035626843455e-05	
100	5	10	3	-21341.372831630986	2042.2404409301985	8141.407352334238	6463.986265631303	2439.975339284721	2.8123088964956236e-05	
200	4	10	1	-30747.119954072936	2403.740890676016	118.5560696702042	113.74997570920765	42.29958417954541	1.3057491229440863e-05	
10	4	30	4	-2885.7153561014934	217.82131569887912	91354.59201339821	63986.60882191091	373863.67257442774	7.056967796097234e-05	
10	2	70	1	-6278.587276607607	254.41752000962944	177446.39257435963	179724.8404621037	424620.53749051015	0.00019810161330514992	
50	4	30	1	-10031.047191038497	2220.506082079907	22707.772146041436	29363.27504042274	3115.2465759904126	2.4369702513372907e-05	
200	1	10	3	-30841.526954863428	1286.0430271387559	12308.883775451035	64499.92412915407	327958.13864232914	1.2078351419391705e-05	
100	3	90	1	-14490.043039805143	285.80954693336855	75241.63096386372	96025.79812342678	456139.36691598146	6.510883078595639e-05	
50	2	50	3	-7016.869449240485	133.739134663538	73442.34120040195	56299.434948965936	226126.7424222934	5.985214956427716e-05	
100	4	90	2	-26433.017083374256	536.2117335907053	125796.48996649128	149380.05151269736	898358.7552880899	7.834363994214809e-05	
10	4	30	2	-2942.857173990074	216.83933026284328	90184.09031103665	65516.17540539101	371523.30944914836	7.018140927865305e-05	
200	3	70	4	-32102.66471850768	428.0691975937939	97133.05148142939	80099.67082258359	663262.7530542911	5.241985066942068e-05	
200	3	90	2	-31472.31494878241	[327.7188288432646, 105801.64591473078, 84711.84252723695, 563647.050587261, 5.796914116667849e-05]	[327.7188288432646, 105801.64591473078, 84711.84252723695, 563647.050587261, 5.796914116667849e-05]	[327.7188288432646, 105801.64591473078, 84711.84252723695, 563647.050587261, 5.796914116667849e-05]	[327.7188288432646, 105801.64591473078, 84711.84252723695, 563647.050587261, 5.796914116667849e-05]	[327.7188288432646, 105801.64591473078, 84711.84252723695, 563647.050587261, 5.796914116667849e-05]	
100	3	70	5	-15686.227901976217	281.67471804075086	73076.3284573125	87362.409747672	481108.41236856434	5.730956403404301e-05	
200	4	30	5	-24811.00900791691	2347.5631460815284	354.82990396606516	343.25350907931016	41.13565756402388	1.3930235811063464e-05	
50	2	70	5	-4463.033988411338	131.08096821765776	79607.43246084884	60001.14370285405	225467.84666663775	6.335222472944457e-05	
100	5	10	1	-20549.800207839522	2254.795062982191	586.7611699115179	601.1589221636459	221.41525815358213	2.55131773548659e-05	
10	4	10	2	-3597.451737220231	231.73500140204675	53712.60792598885	57409.33397274732	387410.4941257783	1.7719938720090593e-05	
200	2	50	3	-33102.14590749564	760.1296976632536	91961.41258552525	85510.7320435254	1036155.2321127354	4.463680553859711e-05	
10	5	90	3	-9570.31478044655	551.8880797198474	189628.00946408487	96789.31400328268	885414.9175155783	3.0959281188724424e-05	
50	5	50	4	-9497.406771319655	243.2624011679635	81262.23689182663	87338.66373544298	416455.84054543974	4.461941684306063e-05	
200	2	10	2	-47562.97712469684	492.79319456390044	64027.13128286359	60201.3740568625	846625.5896242391	9.737818283590406e-06	
100	4	70	3	-27336.715932176303	675.3575447519695	126456.8226522476	132560.44694885134	1121604.1812397046	6.804017825637843e-05	
100	2	70	4	-12283.880927055077	142.61083068008745	90712.79779779771	80593.99575624567	229262.45052246217	6.192671161227794e-05	
50	3	30	5	-17163.436072709905	2632.489523602889	285.3449453382785	85191.44437955847	54.631762374003294	3.2242209536097137e-10	
10	4	50	5	-3637.2354668835032	204.25767225949508	158412.4439827332	52429.05574969844	348746.300490322	0.00014335701433028638	
50	5	70	5	-6406.753675363339	215.88875578351653	99638.77653256904	89353.74601187313	364756.62609254493	5.775600781069177e-05	
10	1	10	2	-4238.616843661344	196.117274225489	115351.04651639865	63970.01303597803	321434.6738457817	3.046734241749153e-06	
50	2	10	5	-7620.769737439563	1253.3052008701577	739.8290453198732	631.5946486039735	237.45411388927317	4.535948206061792e-05	
100	4	50	1	-28276.95984627916	746.5914356630514	124097.144622892	121535.70359719257	1283016.9830516498	4.2405907186387654e-05	
100	2	50	4	-13264.452849986219	140.30123761046673	82000.88067367866	72070.57060803701	236166.90951014252	4.676242666796668e-05	
10	4	50	4	-3579.0407609763356	205.2353298328311	164532.85442209357	51161.28166717188	338333.406325795	0.00020066296280808648	
50	3	50	1	-16271.210136573842	594.4127680663944	91319.74354214841	150769.91381108717	901470.1700815505	4.5193559187850584e-05	
50	5	70	2	-6406.174253870625	240.6155047988108	86954.1110430104	93743.16758716766	411323.9135704388	5.52800069774438e-05	
10	1	10	3	-4199.351955237275	187.776421909104	111475.81541921047	66660.39666322072	314642.1370387785	3.2384042686488145e-06	
50	2	30	3	-7709.117031639035	143.68625813063332	59309.590975475556	49463.28636428844	242014.88375247215	3.6005317066005285e-05	
200	2	70	5	-32445.2507834143	336.75927286966964	93052.21048149596	106511.2568677431	577546.365370512	8.718149269638528e-05	
10	3	70	1	-7799.00162042862	817.4011085301051	101158.20182251587	161730.8563798955	776327.5139854099	6.996655792124592e-05	
10	1	70	2	-5271.194040054176	185.08032953652807	143839.5261607907	134100.40287859872	316776.9013624882	4.366318406763199e-06	
50	1	30	3	-9958.568277721004	283.8508354659695	62551.91522950781	46639.481712700326	474389.73718258314	3.053899729843914e-05	
200	5	30	5	-30975.585150419494	1062.85119389716	60313.685986857665	59494.901516156155	565292.7373665554	1.6983113727319605e-05	
200	2	90	2	-30817.38752479474	912.2309550094121	100516.41808711222	97157.11445965509	694616.2363537198	6.342010312270726e-05	
100	2	30	1	-14081.660000537862	137.11747130467202	66210.58629689658	61973.261924459744	229582.02645889332	2.9513765508581468e-05	
10	5	70	1	-8594.2949681905	506.43128585868016	183563.14323231	98890.47742182945	865130.3138352354	2.7984149583771546e-05	
10	3	50	4	-6887.830697422062	503.55794113734515	154685.17894280722	99859.95153555991	816197.3331506453	0.00011307143194293833	
50	5	10	5	-11256.044164709763	1895.3423206293658	3024.7877994587825	3015.4788372070725	1172.1165955443416	3.037039025306538e-05	
10	1	50	5	-4667.267992580392	184.33434593188073	146619.84994631342	125719.46359844088	316528.5706332978	4.304187847152139e-06	
50	1	30	1	-9911.12261312514	282.00442331884364	55240.722160003425	52356.0321575864	484598.65552310494	3.0857763119837625e-05	
200	1	70	4	-22202.17085341831	310.98292547552717	59802.76428243729	56231.198052505235	533399.6283048721	7.256667197984466e-05	
100	2	30	2	-11944.837521251964	1742.1264733366206	438.8601183957662	418.2250747457853	46.47153773938414	3.263396377041899e-05	
10	5	90	1	-9548.988319193008	486.5292589417805	206569.99157737516	94798.61570299107	825143.7259605112	3.2546802019286226e-05	
50	5	50	2	-9580.027552294518	251.41356645420137	81101.30288672868	85642.05551238684	422879.4757619763	4.458786805371814e-05	
10	3	30	2	-6298.435863863022	578.7357762428559	119711.14803703869	114347.73271094973	978141.518066717	5.639295225096802e-05	
10	1	30	5	-3717.4265220963075	184.7482214490606	139757.97177503014	115586.04031205701	317758.17073674983	4.091259091341594e-06	
200	2	0	1	-82136.2348596815	269.3490083868651	200075.39491840935	101058.33313976979	457296.4712939348	0.00019060395256479396	
100	4	70	5	-27431.231149430572	673.7701690008316	136162.4812353253	125842.39107355515	1028771.079586705	6.816570795303824e-05	
200	5	30	2	-30594.313026346932	329.31269884281994	58251.924177446774	66648.60587755583	566059.2297034134	3.0020931874510788e-05	
100	2	90	1	-10847.763893006939	140.63011857958068	99126.95214631305	82272.32989469629	237617.43427337718	7.067321059184624e-05	
10	1	70	4	-5228.856933539892	184.0469861056508	136196.13350844814	143917.6295766259	312947.0722473475	4.582541453668715e-06	
100	1	10	1	-28583.353974086025	3145.0573986298277	54090.326633628065	54723.99837199121	1762495.3768513103	9.259053535505736e-06	
50	1	30	5	-9840.045989524146	280.0736962073329	54738.78040317074	52687.08550681117	480396.6007600628	3.146555897833523e-05	
200	2	30	4	-30342.034070970134	2618.7402586979606	21160.092389059784	19297.18458238381	2296.89519758175	2.1710726059411606e-05	
10	5	50	2	-7548.545711580413	553.4609933884065	188447.94484363892	91922.75162481546	901196.9688793867	2.515917266730395e-05	
10	2	90	4	-7280.605137950278	284.2986926785662	158410.79903226285	203407.07839932683	430870.43167868967	0.00019340877425510637	
50	5	10	1	-10881.411184112165	1878.0328175300647	108.62659953250073	116.72896423444963	40.423277022796	8.798040973746024e-06	
100	1	90	4	-15828.557303052141	337.6079392170626	95877.1274347728	95749.1900572166	578824.5754225038	9.724232908708594e-05	
200	4	90	4	-27244.60304157201	327.26940977762433	81239.65840126971	85578.65608201119	557159.3232078032	5.8601618595656554e-05	
100	3	30	1	-18020.781430723735	331.6255664393394	61379.38280057335	67314.99504587079	569689.0915828722	2.9858060793465667e-05	
100	4	30	4	-30365.54999051031	703.0257937904379	111720.97319252435	126096.00672611948	931361.7423371429	2.8069004619932334e-05	
200	4	90	5	-24392.298314330914	2375.1014154497207	939.2447531292237	883.4138707274832	41.48695239633407	1.4494776432611106e-06	
10	2	0	1	-24361.446317872153	266.7784959145237	201389.46514639616	175666.59220601266	395779.8302216839	0.0002041866943206036	
200	2	10	4	-51442.588068690144	187.7847456253405	78643.0680659587	66825.44300106408	295369.38965294324	1.6214651464304564e-05	
50	1	50	5	-9799.631984550091	247.74023857349752	58984.34708646429	68732.04922818151	418533.6851971845	3.7377020477022155e-05	
100	1	10	4	-25518.849547533868	2057.754678715062	15787.653487368667	22881.355168171332	6947.377854657312	2.7952891054808415e-05	
10	5	10	5	-6982.543086331143	3632.7599382326894	98566.43931547782	69634.2873330446	541888.3467706541	1.0130971893520998e-05	
50	4	90	2	-7232.83563514039	266.5764129181537	104552.74042847128	118435.06939251866	451130.4487274587	6.0977448092561295e-05	
10	3	10	3	-7992.316785482892	1516.899085532824	80901.52032126748	120407.41682032374	1879675.85207731	1.418348997286729e-05	
200	3	10	5	-45853.73576830954	282.2002175838715	72042.56674469021	46107.00261081123	465636.0097206981	1.3917074100123174e-05	
100	1	90	1	-15996.823718094789	396.6200143038349	96674.5866436275	91028.26671420064	667029.608629347	9.835993247767645e-05	
100	5	70	5	-17050.967910121715	341.91732571794387	83168.49821017278	94285.0906904647	568332.9010914378	4.972966349149216e-05	
50	1	90	3	-7459.932454774534	218.5890017107418	70329.7254006823	79956.45883833745	371011.21314249234	4.9701138294974306e-05	
50	3	90	2	-13270.477637694661	432.33259050491154	95456.21731023362	193697.19210673918	690025.5650912587	7.681979668774999e-05	
10	4	90	3	-4646.340842096069	227.81309282708983	194740.98818477092	50057.2528061049	329694.6704336577	0.000238161081070126	
100	2	90	3	-10838.72828176591	139.48424365797376	98034.6710687318	86105.44601614296	228258.73488822955	7.65197853889743e-05	
100	4	10	2	-39474.0233674294	3932.2930121525264	9866.596668157386	10075.998438777446	3535.067711343393	1.4377580433140026e-05	
10	2	10	2	-6840.767950737327	397.5895412222899	115161.82581329344	122774.3790284215	680684.2693529876	1.0047643314510387e-05	
50	1	70	2	-7375.193274138575	229.52425274444727	69587.71061997402	71235.21638752877	392822.10202055366	4.503930250243413e-05	
10	3	10	5	-7952.090262969283	1177.569997986044	92308.8832604894	103472.81941532639	2005891.968966382	1.2835026909068776e-05	
200	3	10	3	-44701.88367761239	1558.5904357382274	57401.372483086365	51757.38856521737	1087965.3663827067	1.2604581717895952e-05	
200	2	50	1	-28744.84615973912	2639.185133332811	22797.6801378644	21168.549817776104	1463.4200185554537	2.7150467853165536e-10	
10	5	50	4	-7485.7075572687645	528.606061893068	168344.93697584135	100264.81797036671	907684.1401671079	2.4760340618313032e-05	
50	5	10	3	-14426.936969538207	1603.0196222412928	45028.22991807937	47912.50404563052	695241.5905529783	1.0276124834254402e-05	
200	2	90	4	-30863.969013846006	549.2168571276737	100387.29491189655	94510.58406792702	944609.7516400506	7.123896573969051e-05	
100	5	70	2	-17006.38919919264	324.6811706144129	84602.9908826251	93251.96375373054	559139.1029137867	5.051320324212774e-05	
50	1	90	2	-7582.9988159946215	215.76968227998194	70734.64645699113	80921.10947118612	359091.5102849752	4.5670596128195806e-05	
10	5	0	1	-24124.0419336914	456.07310249224366	270012.47788941895	87345.76178736641	737578.2649039548	5.8222865564091924e-05	
50	3	70	4	-12380.217890411146	2772.180011035595	58209.12633902439	89854.5120585496	2566.68570844516	2.1611064711818982e-10	
100	3	10	4	-23196.560852441962	4743.114558981188	42686.40967608632	29295.71444200526	334108.5667103995	1.2214198592098919e-05	
100	4	30	2	-30541.102898676152	856.7751017442009	128089.07925791493	115574.01920906888	735024.9828250973	2.5403511789125935e-05	
200	3	50	1	-33054.912090688835	699.7673679772934	80553.36508970411	76583.92739684554	1190080.5265172438	3.0122531029721295e-05	
10	3	70	2	-8290.680749663477	746.5641071429377	81200.13709470275	348029.05618091236	545314.8981958464	7.736230706915878e-05	
50	3	10	3	-23693.592227984336	2876.5012376038762	21339.94627054013	13115.583453160933	4065.2587009742106	1.9425420505996612e-05	
100	5	50	2	-18394.677863378743	349.0474789772022	79518.9028362054	85544.85934862365	575491.7232551376	3.850328134559473e-05	
200	5	90	4	-27705.329846510616	313.6500188030745	75499.93597721394	87422.04525317835	499502.8530913127	0.0001037723919529586	
100	3	30	4	-17983.454911415927	1611.3613038708681	50644.664937372865	64859.00297224217	39622.58501402444	3.1583521373285764e-05	
200	4	70	4	-27932.988801303236	342.00081514338746	79635.05818315544	80146.17800902206	569449.0486908674	5.2404348622136484e-05	
10	3	90	4	-8584.166077013739	2684.9708156646143	1045822.624961524	2247974.7647142364	1815.6675409343452	8.290602296823774e-06	
50	2	90	4	-4112.040848310131	144.0204300497676	81287.8491551205	62057.23044206652	245897.3913452747	7.444672666988454e-05	
100	5	10	5	-25611.548887676192	5512.571221432859	47547.92890485969	50113.23031989073	1356257.9707557645	7.782759704806392e-06	
100	3	50	2	-16760.568670675708	945.7914480394705	64121.07082278379	74741.10101098353	1118356.1156009368	4.679558035370787e-05	
100	1	70	3	-17815.439548877257	425.6313065260002	85672.00991550145	91113.34802213254	730349.3073342193	4.768287719516302e-05	
200	3	30	5	-34535.01597368997	282.35617752510484	81983.64964109944	70465.68332434639	483784.2471053119	2.5584564589515098e-05	
10	4	0	1	-10161.716121185837	209.0361633919543	179036.83636409286	52413.88281158855	350859.69729856384	0.0001394315090352253	
200	5	50	5	-29250.50665971228	616.5110820321726	57321.934317519845	81281.75274304043	857234.7581287014	5.3783667055062665e-05	
200	4	50	2	-28557.15824662345	233.94102021834922	73072.73359497297	84799.45835652202	400193.74245955196	4.570911527217287e-05	
50	4	50	5	-10593.458551075386	325.40666942903596	93013.74602779609	99660.58627675322	528950.9755588013	4.2096482803401945e-05	
200	1	50	4	-22858.528308292287	413.18710820123306	54230.265651522524	51571.797789720644	710246.2804462838	6.30765905254097e-05	
10	2	10	5	-6982.216046261006	384.650341750385	123272.24872687638	121980.77144801903	627234.8580710617	9.546995218388277e-06	
100	1	70	1	-17343.501490506747	303.87269405689034	86146.83908631958	105353.4685203286	477805.5558495775	6.726086129178097e-05	
50	4	50	4	-10742.38346513125	297.10688258815816	91365.65082492238	104045.23680507542	500286.6336526126	4.0301349472229054e-05	
200	1	50	1	-20390.651045075338	1645.8868618263452	13801.083290940182	15496.095734941327	1349.1033324933023	3.3199872062746483e-05	
10	2	30	3	-4818.796107127143	340.58412535149256	162791.93513666617	142971.71866880605	580521.9292078986	8.944758557587761e-05	
100	1	30	4	-20478.614130778973	326.7222738505499	80430.47501782898	76893.05941811274	551450.4594390796	3.754855433113397e-05	
50	3	10	5	-28041.180049291725	865.6413041469909	77578.0173890153	93377.11636187515	1432143.6712614645	9.347850761612992e-06	
100	5	50	4	-18330.09165903015	354.0458491393731	78641.5709120379	86041.55249610428	596066.6033858268	3.921539605354331e-05	
200	5	90	2	-27413.16426129239	466.7592169192833	68504.77024838114	86968.5461331323	782539.4773458905	8.284298888619459e-05	
200	4	70	2	-27818.93472966991	358.9219558138501	79263.21601519859	78513.88577457481	595036.2923122591	4.878343115718134e-05	
50	2	10	2	-8841.321563658503	1449.7553443237457	9449.421087672234	6779.649390102581	7808.656017040654	3.6210698470939134e-05	
100	5	90	3	-15726.069175339078	322.53654368884264	80049.67818534392	111649.0019348785	487711.58867452544	5.31118780482768e-05	
50	3	90	5	-13008.51741751319	523.802449242671	110623.31635952991	142898.64355809242	892762.7152612759	9.899121346825342e-05	
200	5	10	2	-37512.877860443026	269.07352069894966	51593.45386171942	39152.02424146068	453665.225307255	1.3667739480888705e-05	
100	1	10	5	-29611.18331611176	1892.6338317316533	76608.76834345548	33612.470596821644	919996.8326394111	6.391402357756788e-06	
200	2	10	5	-47367.76497611917	8931.5002735656	61639.69181350469	58684.30188058796	6484774.178847902	5.94907280414859e-06	
50	1	50	4	-9676.528661051028	234.88096162525875	61155.81102665838	67778.01506483945	397604.0730785772	3.942175996493225e-05	
10	1	90	3	-5851.925837572443	179.27914195654708	151551.9426258694	143405.88889279903	295205.43803128524	5.239953608849896e-06	
50	4	90	3	-7145.581566433175	2382.3117586433536	17614.73865652588	19036.24626493272	704.8996663446051	2.7347586262060133e-06	
10	3	10	2	-6336.099444525809	2938.345398562561	182.11646029981662	225.2508422007777	52.32936216532747	1.28722939839964e-07	
10	5	30	3	-6246.655380162564	569.5736378705851	154613.87929187636	95190.13295094886	949918.322780353	1.8635038978206425e-05	
100	1	70	5	-17304.910870748383	351.1329878646257	97397.09276274394	85337.25661472928	595017.064926903	7.127000674767905e-05	
50	1	50	1	-9759.579554736672	232.861097906419	64237.96738059507	64293.59354115719	389434.28347964527	3.950626838228765e-05	
200	2	30	3	-29026.73104938477	2829.3210239619248	1436.5739618298544	1343.5650723598367	147.54276312202083	2.0210058828364714e-05	
100	1	0	1	-49193.79496155625	234.98141745912466	201396.32601441548	87325.14607018593	375679.771461766	0.0001942551894340166	
10	1	90	2	-5792.12551393164	200.76355826977746	143963.3663747585	135433.20178619827	315947.96023027855	4.398300585633206e-06	
10	2	90	5	-7961.761362603458	484.23155910446667	112419.68112253297	289549.0065673948	527289.1792338053	0.00011381892979613611	
50	5	0	1	-28497.482388897904	213.43393731585095	92112.1694294566	141097.64947650715	360601.4596108629	0.00012324338829766606	
10	5	30	4	-5972.8627686921955	2921.133121937433	17476.982440582688	5758.864717963252	1018.8796160524615	1.9698840633594713e-05	
100	1	90	5	-15833.139382519183	338.9935170263467	96476.27703617064	95536.08333568764	560354.5823300692	9.74781650712638e-05	
10	5	10	3	-7022.421056975618	4495.834924849676	98594.93568558378	79406.32229914822	1135175.3493265903	9.188947524735997e-06	
200	4	90	1	-27251.624503316336	267.8382907762094	94606.01324358683	79287.05706290284	457284.1502889043	6.97333906647892e-05	
100	2	10	1	-17048.11931220085	1203.1485153151953	31572.308199879026	38276.9020938807	1983997.875987505	1.3303884000614698e-05	
200	2	90	5	-27452.263499721437	2749.966207822024	8735.889049926769	8122.82004382301	312.8772737344981	2.126474118572744e-10	
50	1	70	4	-7349.721807473511	241.44795355170743	69921.65495170522	70616.81303685489	401481.6420948825	4.320983281485609e-05	
100	5	70	1	-17048.55806453483	310.57043713122107	82483.05169532727	98013.74948768782	529435.8465216553	5.0479512407589316e-05	
10	5	10	1	-6028.812475431951	3009.292059278909	37861.55274619792	23803.065519518994	18506.742167397766	1.860185487625649e-05	
50	3	70	3	-13442.064995991474	623.4946039549059	101032.54427073397	138958.23640043853	1047852.4295594724	4.422189395268969e-05	
100	3	10	1	-18438.416206700607	1972.4683256616456	150.70971157091427	151.57284144976717	55.18140029569167	2.8495078321801238e-05	
100	4	30	1	-31897.63057522052	1120.0409526460594	73027.10656375524	185174.4643906561	1675357.3948772266	3.741396640082359e-05	
50	2	0	1	-16010.293238644099	147.1251833371791	105160.66379568982	67136.21165479437	248270.1433236639	0.00017297551692195087	
100	5	90	1	-15742.100075112947	334.320615897806	85928.78560835481	99267.64628021803	547702.4327317589	5.964670615102892e-05	
50	5	90	5	-6065.652221031702	247.57014567470674	89872.77756077997	97759.92292522911	424284.9485265119	7.101569687319271e-05	
50	3	90	3	-13056.267734152923	476.7238132595771	144498.18180722411	113089.82319175913	813271.8720801506	9.1158254150451e-05	
10	4	90	2	-4639.119426653761	209.4150776051293	132895.00116371264	61244.09996044587	342896.4139902942	0.00011818613034317282	
100	3	0	1	-41239.04048344855	202.08949564283688	81210.62738026041	164398.12132991152	343898.6858710341	0.00015409884785712392	
200	5	10	4	-39992.743944172056	392.3665912242601	37742.56090202049	61537.23365090593	253505.5443192919	2.7522311759956143e-05	
100	4	10	3	-49000.00259978275	2360.1398685851373	91613.5536151935	97292.40299366246	414808.38022698066	6.3396708868480995e-06	
100	1	30	2	-20514.734069745118	525.7497211964309	74530.7219176606	74446.0345701419	807437.2216338811	3.282516633147314e-05	
200	3	10	2	-43250.67281678361	4118.307904959565	35020.44981208427	35991.27315634376	167083.23325537943	1.3310681470075738e-05	
10	3	90	1	-8967.919548716607	361.7526338522699	121934.01772424912	167043.78382127188	620709.7885992915	5.879442238417929e-05	
100	5	30	3	-19914.030294667056	262.3534769735499	71657.5083660033	83228.6107957736	434298.9917658531	2.566143650826493e-05	
50	2	90	5	-4151.033554657273	135.58301745815743	85125.95906182623	61631.57338257835	232402.09599341507	7.548404419875216e-05	
100	3	50	3	-16658.208124534987	280.77707091622165	69580.83049530898	80717.29741237046	483072.99962061044	4.388185349312598e-05	
200	1	70	2	-22307.039164998794	232.43645648009982	64169.73678917406	56639.83518900426	397291.0814250603	7.601735514443301e-05	
50	4	70	5	-7792.207634729431	217.99050070698087	101903.89327963523	126559.90012030958	364694.8485609894	5.6733724975619495e-05	
200	3	30	2	-34468.60941579437	384.24023099450176	79768.16898307795	66462.37291592969	661749.3872062071	2.1981996331843012e-05	
10	2	50	1	-5734.433697485696	416.6278084578019	181915.22312196728	142712.09699744388	589327.4690487355	7.37396453785692e-05	
200	3	50	4	-32877.63669426397	699.0662465918476	76462.06904413078	88151.85424300641	612425.1770461893	4.156357876944891e-05	
10	3	70	5	-7780.688132927148	484.13858119905274	180506.50767678628	92941.40554282782	804940.4710204249	0.00010976939991937501	
100	5	30	4	-19835.23092072352	485.20354940913626	70154.97058189721	73066.35978313714	730256.7293994823	2.660936946233339e-05	
50	3	10	2	-28283.189857395202	617.2955709107252	101675.9828553564	75831.98070286804	827676.3831085663	8.394932720455587e-06	
100	3	30	3	-18002.055955930067	320.9392055714019	60994.64191576385	70178.99415398332	542232.1738062041	3.0351341164264406e-05	
200	1	30	5	-23619.881803400025	571.314448163451	49368.45187735271	43921.50296941124	972168.6718894921	4.055430577322253e-05	
50	4	50	1	-10581.773585042976	304.9435873759609	90517.06878162263	102727.91320923239	518563.26762515237	3.908383753878825e-05	
10	2	30	4	-4570.165940605941	280.5307466795063	193721.39190568475	140247.06187166076	444623.61622168886	0.00018768488846992583	
200	3	70	1	-32288.337028350146	450.1826053458958	80294.79230694057	95123.65699374751	734943.1721831646	4.436582202060805e-05	
100	1	50	2	-18589.193890559287	397.8261550471339	87789.24532135624	87446.8363784455	519815.9831751756	5.652947367312073e-05	
200	5	70	4	-28384.378090081525	1714.3481278029365	21089.788990265864	163633.12162606444	1239.9050288868839	3.3578992040246604e-05	
200	4	70	1	-27846.124783116942	323.5709124162452	87541.37087880498	72924.25225134158	551813.2659382164	4.939945823898935e-05	
200	5	70	3	-28321.072820234767	519.0178448688099	57137.82435004833	92715.5663907582	885681.5356381377	6.106990851823801e-05	
200	4	50	3	-28567.361240844977	350.2436890744823	76449.6505466913	72868.63920676628	590848.3432970416	4.307977308839267e-05	
100	3	50	5	-16720.975665983704	272.1689979909127	65127.130614945214	87514.52716340982	455036.20401030825	4.177610907376688e-05	
200	1	50	5	-22785.010238634346	841.6884644475148	56407.63548129118	50726.1618572017	397681.5946782963	6.399540018202708e-05	
50	4	70	3	-7651.93075065635	302.2502856450166	96734.19513798616	107749.24760912379	515121.3157565321	5.2883965988527634e-05	
10	2	10	4	-6988.116908975018	381.09978309625706	122373.80120195169	119643.48194803999	656335.9914698544	9.002297018202513e-06	
100	1	50	3	-18563.829919822987	280.96401633528063	92109.89375917599	87574.73449562512	480229.98615521705	5.4697315481073796e-05	
200	4	10	4	-38635.00942653626	240.03931249448064	52428.83360687396	53485.394988840206	410991.6163078817	8.924462747808137e-06	
100	4	0	1	-94874.61331121056	465.22780827402	126238.64092846517	215008.67136784125	754960.02940133	0.00011493670300607887	
10	2	50	3	-6046.217896506569	435.8300659895126	158384.68407735944	173226.74023306993	548794.9075087797	6.658654195368679e-05	
200	1	30	1	-25053.670547489735	250.59746447066846	40167.12955778299	70476.4778914521	231707.42801108983	6.827476497515046e-05	
50	4	30	2	-11725.925444050585	330.66417561972156	78287.5905651784	91803.70348375881	565371.8108819466	3.1102979720402876e-05	
200	3	90	5	-31795.687977996702	[313.487432144068, 101156.46525161037, 92718.16699601882, 519576.28279640275, 7.10733722987842e-05]	[313.487432144068, 101156.46525161037, 92718.16699601882, 519576.28279640275, 7.10733722987842e-05]	[313.487432144068, 101156.46525161037, 92718.16699601882, 519576.28279640275, 7.10733722987842e-05]	[313.487432144068, 101156.46525161037, 92718.16699601882, 519576.28279640275, 7.10733722987842e-05]	[313.487432144068, 101156.46525161037, 92718.16699601882, 519576.28279640275, 7.10733722987842e-05]	
10	2	70	5	-6693.569890363035	333.6497022231908	137335.21946061112	208409.49031111397	508042.25676210976	0.0001514502190110621	
10	5	90	5	-9580.510146881796	490.71821157485886	182095.18135743687	102429.36887123674	842486.4166368699	2.9120957306009636e-05	
50	4	10	2	-13197.617511490369	2341.9058491424025	120.82296721993387	124.40615282008567	42.15648722185699	2.4100263918688522e-05	
200	4	10	5	-39390.58885746405	981.6045614473971	62525.57859386256	33940.81793631444	702348.4476262631	4.715701461067012e-06	
200	3	90	3	-31496.332607234366	[463.1972079597332, 95031.35875653054, 86956.41645166084, 783545.3152463175, 5.889319058017718e-05]	[463.1972079597332, 95031.35875653054, 86956.41645166084, 783545.3152463175, 5.889319058017718e-05]	[463.1972079597332, 95031.35875653054, 86956.41645166084, 783545.3152463175, 5.889319058017718e-05]	[463.1972079597332, 95031.35875653054, 86956.41645166084, 783545.3152463175, 5.889319058017718e-05]	[463.1972079597332, 95031.35875653054, 86956.41645166084, 783545.3152463175, 5.889319058017718e-05]	
10	2	90	2	-7817.252713875128	420.6856354839141	212582.59316649404	139146.79708764877	531708.0951138092	9.184434902954008e-05	
100	3	70	2	-15843.672067068901	229.20351732683284	64914.94309002036	114066.95328809395	341569.0806352842	5.159654491956938e-05	
100	5	0	1	-46509.63903943902	296.4871997476193	109968.13773174991	127773.62457076593	487836.46421454725	0.00012360591643841657	
50	2	70	2	-4533.2498232447115	139.76860739271157	78988.36335815732	57556.35548788415	239121.91481706366	6.538389189890829e-05	
10	4	10	3	-3622.5380582237467	228.1970238822355	54131.37646211035	58522.900080125844	366217.9940560495	1.6762469061517153e-05	
100	3	90	4	-14419.592763164048	277.35110523405353	76721.39887868393	92831.27454312207	457988.12902577367	6.698809796705952e-05	
100	4	90	3	-26454.504682683968	533.6614447572465	142440.83320085664	133299.4743973247	877680.1181765232	7.223632767066366e-05	
50	2	70	1	-4467.934288440634	146.63024458648638	74451.24078226909	61378.62309908456	251674.72886594007	6.063947171030064e-05	
10	4	30	1	-2923.442854666401	223.62378695280924	95438.5139900464	64123.974632135636	361343.9974747753	6.680267201544224e-05	
200	3	70	3	-32082.49639537582	437.1473392021795	88641.8312036548	85674.49120696328	736233.0217788898	5.1931423410118085e-05	
200	1	30	3	-24107.302271252032	281.46127306793426	53170.936890756595	51287.65705642618	248622.91101344765	5.5186734912509066e-05	
50	4	30	4	-11737.164913542718	348.34446935188515	73337.38920949996	97046.0739548804	573394.9634489452	2.5496853782798493e-05	
100	4	50	4	-28430.878656313052	585.4938547367572	127739.99706528326	124823.59602408863	1003301.3865319296	4.0801522866148244e-05	
100	2	50	5	-13165.388030588607	140.73358767444475	80279.39679314094	72071.88818383522	231423.73528256256	4.849367680415699e-05	
200	5	50	3	-29251.838373672264	498.5204735545098	62778.81311946219	74885.40770138137	786618.1053261664	5.87571706100436e-05	
50	5	70	1	-6353.0282265107735	2046.9651943407848	4708.613287372678	5640.077625554411	229.52588189807	2.1563179546387984e-05	
10	4	50	1	-3661.972603202431	210.57707726804406	140307.63043363372	54747.08613920976	349164.9916552754	0.00016758776092932638	
50	3	50	4	-14098.459170007696	2985.5774001280183	915.4498605056624	1098.144333539534	53.59040196025646	6.250569799820569e-09	
50	2	30	4	-7583.95388564053	138.89968439213354	60206.60575158461	48249.429056730994	237430.62898503404	3.3560900611263555e-05	
10	1	30	1	-3866.6504594322887	183.11022820494102	139617.43291701528	117923.16997045152	314661.8827854627	4.100042551721774e-06	
200	2	70	2	-31780.2122149712	436.8527377323494	102883.64861770399	93332.22063264427	618003.7939731255	6.761637826144041e-05	
100	2	50	2	-12606.864436378146	1696.4547864134315	21553.835429940966	25436.20308203298	1550.5861918919024	3.3902931897758e-05	
200	2	70	1	-31932.04227795322	559.6017352053861	95416.01738067648	91955.31723181279	959635.5598487664	6.0049591533329915e-05	
100	4	50	5	-28311.823876705985	631.3720928261718	125015.11377984792	123332.52181150459	1083060.3638972642	4.31478095687575e-05	
100	2	70	3	-12188.301881038078	136.02488224167192	87284.08747327059	85431.56591973378	223120.33974093094	6.596498665746337e-05	
50	5	90	1	-6071.534566657132	236.02311144455345	91276.25755956185	97399.6395834735	404810.2785680283	6.852611720413934e-05	
50	3	30	2	-17239.62866501037	678.7608289492928	97751.01437003477	111009.220745201	1158781.307864748	2.606262494556296e-05	
10	4	70	3	-4218.817175186325	399.71193250562277	309765.27645663824	43774.462759700706	312876.8866966864	0.0001447227247633773	
50	2	10	4	-7440.9915117885275	1278.440338804971	62.07551697942929	59.770999798665656	22.082705024257397	1.45602119137567e-05	
100	5	90	5	-15601.57864712635	327.192785049613	88891.81721666022	97157.30672803188	548098.229942301	5.852410413833252e-05	
100	2	30	5	-14074.290864097358	143.1849435592449	67178.32381314463	60882.89831968483	229690.9777581906	2.9176279828276365e-05	
50	5	30	4	-10482.156627829205	280.6298015465354	70750.86976597931	73841.87891636256	457883.9974933752	2.9461060458520963e-05	
10	3	30	5	-6496.018055540821	348.29312508392024	102797.06863219246	184125.07061188025	599402.3915830244	9.810779352532598e-05	
10	5	70	5	-8795.40618031099	2800.2328199583703	2391910.11773769	45096.41581871466	6061.080937524411	1.2879050824745917e-06	
200	1	90	3	-21791.492114508324	218.68540767767848	66223.5204257243	64826.44209281725	342662.43063347065	9.266025429085036e-05	
50	1	10	2	-9648.654455104625	1475.3199722982113	77.07457478543063	66.30747284383068	26.1872483151905	2.914263265972528e-06	
10	1	50	1	-4708.993396792923	189.2394395081067	138113.85562661634	135107.6029163475	312916.7193969505	4.148286243171302e-06	
200	5	30	1	-30544.66019111206	495.26017226589914	44289.5317864313	81670.5735098684	849272.0693634235	3.2125960805483895e-05	
50	5	90	3	-6042.7646499785615	245.6010642437498	88039.00561296372	101002.56937345561	416160.4641453954	6.469038189103386e-05	
10	4	70	5	-4139.124124990766	225.16819049828808	117061.33723540457	63826.46128680187	351069.9739046403	0.0001266624465318796	
200	5	50	1	-29386.05973226546	1474.2609995123667	57291.21394934994	79587.14226679887	400034.03234521823	3.842463455441913e-05	
50	3	70	1	-13029.9126153767	792.3254235361441	101293.49511148123	134929.59787651902	1322154.7736993881	6.81108345380109e-05	
50	2	50	1	-7015.929750003904	139.6676833204075	68097.60096126185	57418.565116037615	238050.7809362562	5.316009180442344e-05	
10	1	30	3	-3858.891590219772	189.6575943604356	139450.7515737601	115884.01745877837	317449.26445134473	3.966923563545605e-06	
100	2	10	3	-14336.507546207922	1421.7798221964715	4387.849609439454	6482.5441501026635	1838.8564246046296	4.024054797318798e-05	
10	3	50	1	-7132.7617153271185	767.3033380241267	101819.36527996983	171969.00846787597	667724.5382068715	7.29077078809759e-05	
50	5	30	3	-10518.772548858216	269.3240811133335	71140.76330360609	75232.20628011704	444013.63212257915	2.9718651822801842e-05	
10	5	70	2	-8770.805823281724	516.9251430833183	180826.4664448285	98948.03678924986	890215.0601638305	2.8331285600155918e-05	
50	1	10	3	-9712.684495965603	1501.912384763359	445.1315435117192	421.5109162230741	161.84193492208274	3.6521554422965035e-05	
10	1	50	4	-4685.988490313633	188.59691483203736	151093.3722869298	121641.2591818878	318231.4627752994	4.94218503924649e-06	
200	5	70	2	-28093.90618966497	688.4496012795875	66896.31810392943	77020.00375822863	1046411.5930693594	6.361618013348947e-05	
200	4	50	4	-28316.38451088082	360.38770141041834	74280.76903640496	72989.69549232935	610142.9390897326	4.488222295954127e-05	
100	3	70	1	-15729.758807344117	263.9086321518364	75577.00640667601	85587.96152815761	453748.523831269	5.3664214352883364e-05	
200	1	70	1	-22331.512905001076	314.7297864692671	61076.55495219613	55442.729445794765	533269.1759141823	6.814345994313027e-05	
50	4	70	2	-7681.462228313258	324.96801103184765	96132.11554528293	108573.4653310252	523072.0649301404	5.4536854393899123e-05	
10	2	10	3	-6902.02202752833	385.8819193831275	119660.07854182336	121311.75515615671	658193.1965698561	9.667026447385596e-06	
100	1	50	4	-18547.379774457157	381.83215575637126	86208.89844958414	84107.87493797191	627969.1280713609	5.2180312793116764e-05	
200	1	30	4	-23662.288465602935	942.1575539105512	47006.074306619084	46221.95716076036	1078878.5424115562	4.192797923075742e-05	
50	4	50	2	-10701.282701673075	388.3035336140312	106553.34029790969	84078.59036975096	556241.1507436679	4.6598520784296035e-05	
10	2	30	5	-4432.209406690339	270.1150693859703	146943.6347560887	188959.6410502416	421122.04936731607	0.00021266137716315824	
200	3	50	5	-32815.66997408606	[1079.330950862243, 82738.7650358404, 74588.12398591003, 1838572.2078289178, 3.950373360085311e-05]	[1079.330950862243, 82738.7650358404, 74588.12398591003, 1838572.2078289178, 3.950373360085311e-05]	[1079.330950862243, 82738.7650358404, 74588.12398591003, 1838572.2078289178, 3.950373360085311e-05]	[1079.330950862243, 82738.7650358404, 74588.12398591003, 1838572.2078289178, 3.950373360085311e-05]	[1079.330950862243, 82738.7650358404, 74588.12398591003, 1838572.2078289178, 3.950373360085311e-05]	
100	1	50	1	-18711.937942030967	372.9392006357252	83047.51405368051	88043.88453475534	634719.5277869102	5.235605906393543e-05	
200	5	70	5	-28388.37795528249	832.1988438843554	56922.392874404	92171.58219685683	1184042.2566485568	6.915155440267775e-05	
200	4	50	5	-24372.57027635502	2366.982098246852	596.8261810748371	577.1707398240976	44.49806181715136	1.4416905162813093e-05	
10	2	50	2	-5432.473025397889	303.5765580936274	168440.83907903207	192461.8475551992	425013.48420933227	0.00015638359497105483	
200	3	50	3	-32775.70691722108	1255.8349283099146	83336.57071322671	75589.88832424038	693638.6522459183	3.777048283898489e-05	
10	3	70	4	-8327.779294253178	2498.681224462067	1095541.1725648749	377500.3489721962	10485.40441993711	2.068642210172227e-05	
100	5	30	5	-19925.74428461557	490.5875794553572	69929.87972124487	73529.35040399071	725494.674672139	2.524832121020001e-05	
50	3	10	1	-27180.00322497939	4050.657581273635	71873.27871596623	66491.68831293887	332353.4908085896	1.2035963742867212e-05	
100	3	30	2	-18042.82746886833	325.3920779914386	61672.136376009716	68257.7852228005	539707.3091002436	3.5252404517815465e-05	
10	3	90	2	-8484.481324067763	492.7901805755964	121768.3070852338	126657.06538639685	840576.497340998	9.106946969354394e-05	
100	5	30	2	-20078.360670261827	405.1189194208412	72330.10932067395	71673.8498307854	690743.4283958399	3.563606232616492e-05	
50	3	0	1	-60796.539476380356	450.4088419409867	102825.46962282946	236667.3637554632	642429.7560809363	0.00010820703642123261	
100	3	50	4	-16865.84674814849	294.11264719324083	69823.87575562303	80717.06635733553	482147.98003490246	4.335201984095919e-05	
200	1	70	3	-22119.725281337694	303.76110933081117	59093.39336306462	57166.982724088615	517639.6548877874	8.011249470152324e-05	
50	4	70	4	-7669.892773559292	302.9894556280346	98061.03959955399	107865.06483592223	505131.6050507242	5.157845772471066e-05	
200	3	30	3	-35020.60823336354	797.6689243031835	78391.13918738483	64687.93369268219	1281291.1671956116	4.083247395504124e-05	
50	1	90	5	-7489.044435408505	229.79039544728138	72654.39316942268	76932.60823814131	383293.41275499196	4.894602048720991e-05	
100	5	90	2	-15652.081719689764	330.41936702294703	83373.61068933152	102564.68423886935	565565.9028237384	5.269724386357979e-05	
10	4	90	1	-4578.148939592507	232.81624022286803	200134.32205154435	49471.869685362326	342989.9779761935	0.0001827411344811679	
50	3	90	4	-12162.18199342044	2970.910116203317	1846.4820682191964	2464.8322127634706	54.860549528514206	1.1106210230262675e-07	
100	2	90	5	-10873.963565695749	131.5050681576039	101097.97905356974	84532.23986971843	224463.0097400784	7.861283103101704e-05	
200	5	10	3	-38020.40822207885	335.8923716897287	48457.072963358776	45998.847678114216	306702.5656890367	1.7534186610358983e-05	
100	4	10	4	-39476.23685425695	3939.1458095411012	10698.971951867868	13127.595771518885	4275.549372033384	1.3982279309653964e-05	
100	1	30	3	-20486.344078279544	634.4600851351745	74860.90291217556	74036.99644388854	802291.8477860763	3.344757161952278e-05	
200	3	10	1	-44664.13761414262	284.4646726626336	63952.6991601078	50460.97245183516	489319.04536151944	7.470847650393177e-06	
100	2	10	2	-16927.262832702607	144.8386449899798	37782.454770545664	39205.645809257265	249328.69230238302	9.04314897725298e-06	
50	1	70	5	-7394.4585812879795	222.17395504766077	69461.1842994389	72470.16302735804	382123.50699087855	4.407772698602213e-05	
100	5	50	5	-17095.412135307353	2022.2690919158	34816.59734979777	41485.457735205084	1873.6196748864368	2.6064859560414565e-05	
50	3	70	2	-13146.078296821765	648.3406013598585	137283.41225199864	108477.91684958982	878234.5855805329	6.383326232565632e-05	
10	5	10	2	-5610.1983190733445	2923.4197907926937	214.8468081644519	136.87414792141055	56.35897406272232	1.8694678205965886e-05	
100	3	10	2	-23557.833361342746	307.26291877690824	44723.21199289374	48001.34606142766	482209.85811702756	1.531696737425009e-05	
100	4	10	5	-50093.19016546014	859.0694153611516	112414.50271865795	97271.50440735406	546419.66927468	6.983383987052763e-06	
200	2	30	2	-35830.846632548426	761.3472401896377	83780.41234834894	76047.32764986325	1278290.287300926	2.38914521034574e-05	
50	1	50	2	-9783.310026959674	248.9354622971069	65685.78031820152	62698.993162233855	404383.6026271709	3.9658238572060645e-05	
10	1	90	1	-5944.960005692632	203.62121705349037	123524.11378262579	138319.33684644426	350301.6700504568	3.8704378040287065e-06	
50	4	90	5	-7228.616627766383	297.3059875116699	100553.73334887909	113515.17660806439	511145.0869105439	6.087982021504595e-05	
10	3	0	1	-26807.21721610121	498.14338074394226	83081.12241706594	216847.96277808893	846647.4000052756	0.00011487398639822518	
10	5	30	5	-6221.308248852885	547.4026012827259	153710.23409933198	96332.84007867378	940014.3335836399	1.939538393886533e-05	
100	2	0	1	-27630.081224846337	160.2306752547661	134765.4080394271	115387.62102571153	230523.12816587414	0.00021782699363620265	
10	5	10	4	-6332.339919378259	3296.43848288205	52397.12540764388	26250.69999504312	39778.69947191243	1.726274095723429e-05	
200	4	90	2	-27175.00533954553	301.193126435822	85068.41147763058	83389.89324399669	518453.07226887776	6.098646806185901e-05	
50	2	10	1	-7338.269613655141	1245.7624059990326	158.27701158073643	154.8528594783481	56.324679597284295	4.1169356379057346e-05	
100	5	90	4	-15784.955832460191	330.84541120694286	89942.93786300508	96259.61099278287	554139.8019994245	5.042657967655421e-05	
50	4	0	1	-33892.768677573804	271.00323521095305	124960.9574043646	126619.15990969306	449841.58517543686	0.0001614313313099638	
200	5	10	1	-38900.0780837183	913.3070790767563	32801.96988741217	59965.11233802046	516447.43300225976	2.4526347326996037e-05	
100	1	30	1	-20456.317482076043	526.0767985585404	74899.85924228068	74623.38914644699	796534.2174920486	3.235784464430057e-05	
50	1	50	3	-9340.697874766865	1674.222404170227	5568.1810843220865	4668.048988296762	414.29158203253314	5.636475101442694e-06	
200	2	30	1	-35913.57504940444	506.6943676803956	92294.52957427574	71905.31415128967	872041.8080409372	2.9124286887146706e-05	
10	1	90	4	-5757.048546053386	186.130110584799	143282.29716566947	137005.47584298672	316700.58949208475	4.240644283914572e-06	
10	3	10	1	-6739.594114390416	2861.7483401895406	23598.852683422476	24074.596079273957	7428.879933836963	2.2697779672487453e-06	
50	4	90	4	-7610.6292706802105	243.9783720770706	91730.8563046978	145036.07624172576	394019.3898443314	3.8591260480250654e-05	
10	5	30	2	-6174.99221380301	552.0654151889458	166444.2860411025	90200.26098215251	947844.6071176688	1.9634533561946923e-05	
100	1	70	4	-17303.417942396605	358.0384140328903	91376.13120766504	91548.53864593271	605075.4134401988	7.522824903179997e-05	
200	5	50	2	-29378.054489885526	517.212625190285	53427.924634801944	85841.31971754145	845730.0750955358	3.590400703415101e-05	
50	3	50	5	-15445.108166082064	2640.759099245497	75930.78416428107	113221.40475862236	7198.208977651737	1.2032638471386742e-05	
50	2	50	2	-6955.9161537906575	139.7277350762673	70738.33388136803	55139.73869423158	240080.27906419022	5.30487436581651e-05	
10	1	30	2	-3891.4345452233088	175.06311178287928	147666.07930030956	119831.79610636394	297035.02163299057	4.101624043931074e-06	
100	2	10	4	-16895.820855132977	152.81443284370908	38071.40324852597	39813.653943713645	251884.77448066496	9.249628921849043e-06	
50	5	30	2	-9805.667792990978	1742.524960748367	27272.869230984248	50397.09385079097	4071.702243116005	3.304295505668199e-05	
10	3	50	2	-6978.934500625114	548.8970670583816	176619.3728505438	90405.47069492794	859279.0009254456	9.607641242417381e-05	
10	5	70	3	-8753.865698551883	506.3058385948672	188824.56114355323	97449.91284567687	859483.7213638745	2.958848841151746e-05	
200	1	90	1	-21687.852789492896	198.7426631534938	70504.67817755508	60530.39506701332	340864.71961255843	8.186200499808271e-05	
50	1	10	4	-10451.033829211423	1591.1655260724447	6428.039868570488	3805.0958853768434	2972.8311918517684	3.3602661332988495e-05	
10	1	50	3	-4698.579478459367	186.0211194592519	140625.01832581172	131073.0782308326	319467.77078445343	4.3308902480070555e-06	
100	2	30	4	-14154.98165267202	141.1830282103047	59942.628107375174	69416.45012360657	227240.58629615352	2.6907812435977087e-05	
10	3	30	4	-6418.856268778817	421.80661721679274	162407.9110010903	101779.36645962327	696856.187666247	8.569121696994908e-05	
50	5	30	5	-10610.92691942539	271.27988305573035	68199.81011371715	78246.59524884346	443997.7621776932	2.6829470933756147e-05	
10	5	70	4	-8616.175588642715	523.3835471538067	188732.99654825224	100278.0176984	810258.5943910893	2.971534402709074e-05	
50	1	10	1	-12153.864314606391	1098.004762766505	34915.594091203806	36749.823362907926	346536.8323132901	1.2633896339914197e-05	
200	1	90	4	-21695.4389252685	1380.28357060274	116045.67354027598	27610.529879733273	1973.344478290892	3.983556103390738e-05	
10	1	50	2	-4708.489888434032	202.20306289802758	144471.53522355785	121719.6303472253	326788.8682194467	4.583933284179361e-06	
200	5	10	5	-37880.08366856559	2012.9039564490186	47605.72828779757	35564.275833838	461407.3112939809	7.584117491555957e-06	
50	5	90	4	-6143.512693654233	254.3409842830676	89868.79894135112	98223.0033473822	416904.9065415536	6.49650962114831e-05	
10	4	70	4	-4161.284302330552	387.3252516428516	110415.84855931283	64368.0782966347	326804.1440891972	0.00014937011926806858	
100	2	50	1	-13067.952105660472	142.79618970139654	79035.32391162167	72213.50895430645	238030.139154583	4.6607930700474563e-05	
200	2	50	5	-33100.30917551357	463.6472570668752	90830.33639177645	91237.2956583568	730019.7739886713	4.526578352951658e-05	
100	4	70	1	-27518.337427921073	465.4131652623922	146102.01329104937	126679.74035155457	800522.2185979742	5.0698541219409954e-05	
100	2	70	2	-12174.022478627398	137.9374272396048	91726.71643929502	77579.31297937986	236387.82379529218	6.080943198693441e-05	
50	5	90	2	-6053.335505771658	238.65311214530638	91051.90391313756	98871.81977249408	405095.6076667624	6.654430235966497e-05	
10	4	70	2	-4131.294372251721	214.00802519934402	156894.8220380148	53770.99589076645	347466.38868568826	0.00017576567562719415	
50	3	30	3	-17310.94642623057	1838.1044461194447	95539.17771512909	110217.94857760498	1106736.038986656	3.1436732117840726e-05	
50	2	10	3	-7383.292291735828	1275.0434248389915	63.41761931523573	61.545702536805855	23.47124426952298	1.0762072486004566e-05	
10	1	0	1	-13299.575018429136	192.79919527389094	143499.7485953813	143813.4519467747	306756.69717311184	4.689145001707642e-06	
100	4	50	3	-28286.39278145705	2996.034227744807	6241.145129630564	615456.6575505276	478.0242429183104	2.418942013657938e-10	
100	2	70	1	-12143.750860523587	127.86278751280149	93120.6866082788	79363.05189541857	217304.56639123464	6.048476322939766e-05	
200	5	50	4	-29245.145541590744	684.7303963163201	64034.568950713976	71585.27007231188	1139987.1159629785	4.8730238241285663e-05	
50	5	50	5	-9628.091101834469	250.71455847566688	79609.7953960353	89349.8747679873	419420.9773369939	4.3801638319074785e-05	
50	3	50	3	-15919.741862570334	881.8515299185007	107054.0015566868	115122.99945999225	1475143.7057935393	4.877896793438972e-05	
10	4	50	2	-3623.8096875655683	213.15923714600166	118353.7733002099	61218.27817974283	352212.2452788678	0.00012078200493026918	
50	2	30	5	-7625.107378044347	146.4892915560122	59997.62949588871	47710.66758206639	237851.4871022316	3.602126495125198e-05	
10	1	10	5	-4139.025363105921	198.5272715683609	110847.53626807661	69040.4397677532	313551.6659410779	3.1434784956605215e-06	
200	2	70	3	-31780.41686567724	906.7032339836063	94819.10768709716	90518.33563303231	1040406.7613658147	5.991413339383863e-05	
100	3	90	3	-14439.316708484977	275.5121827048345	76396.9216168882	94468.9522813922	446909.1819999087	6.668939104290952e-05	
100	4	90	4	-26616.593130102807	444.1146444511109	160075.46143259795	140074.5422845187	587427.51625973	6.916563011899799e-05	
50	2	50	5	-6940.73902032736	143.57094773549656	66370.56166432549	58866.40864882063	234525.15364174088	5.1270768683390434e-05	
10	4	10	5	-3575.738314675959	220.29717047440218	54298.0613525268	56662.7241192864	378729.23832308274	1.6793698531766074e-05	
200	3	70	2	-30523.337731060292	[2124.413383282744, 86442.07697040057, 36216.249977776344, 2401.4287296865787, 2.7227894239027813e-05]	[2124.413383282744, 86442.07697040057, 36216.249977776344, 2401.4287296865787, 2.7227894239027813e-05]	[2124.413383282744, 86442.07697040057, 36216.249977776344, 2401.4287296865787, 2.7227894239027813e-05]	[2124.413383282744, 86442.07697040057, 36216.249977776344, 2401.4287296865787, 2.7227894239027813e-05]	[2124.413383282744, 86442.07697040057, 36216.249977776344, 2401.4287296865787, 2.7227894239027813e-05]	
200	1	30	2	-23738.982809524357	221.2762484561612	56137.717573471025	44383.429947965524	336051.68111327064	4.154657413695086e-05	
50	4	30	5	-11800.245387926861	302.7668204009373	81238.47981122474	91563.90960664848	519741.3071606541	2.823772298565832e-05	
10	2	90	1	-7817.5297100402395	318.7673515639445	145167.58758408754	208195.03285723526	529849.2596822759	9.48040589270124e-05	
100	3	70	3	-15719.906870355688	265.3420565890134	74065.47377011977	87752.33252534573	454197.62512794783	5.693106544181292e-05	
100	4	90	5	-24651.811680082395	3317.953291429946	30151.2874906432	23560.542284857547	740.7985001690636	1.6695514151461632e-05	
50	2	70	3	-4544.685430918586	136.6933069551282	75689.09057485189	60980.33180702921	234253.88934812637	6.332402074745847e-05	
10	4	10	4	-3533.8625800718514	218.70867081791027	55134.114884239425	56639.019598007384	374725.34342427825	1.729452832338061e-05	
10	2	70	4	-6477.849289110225	336.39668874468697	254200.7065743564	132792.02247158706	446397.21939360036	0.00016673195566232435	
200	1	0	1	-42975.03738995963	239.5969622808157	110469.1634307065	78099.20525182581	405503.417621553	0.00022535124726320185	
50	4	10	1	-17715.851510313165	3257.064346245596	39950.70643790513	41424.97497702976	158374.38607197575	1.4812881945891618e-05	
200	4	30	1	-30137.367022761027	985.3555143010884	65568.04372066382	64883.51852766965	709405.1393090022	2.9377461247756034e-05	
200	4	10	3	-38194.763875396944	2165.0147387307575	49855.51531178401	47705.03915249391	3305815.9147461113	7.614411645418501e-06	
100	3	90	5	-14412.043143339184	269.9328985268382	77614.63740554269	92588.79141071181	453917.1140739895	6.682942828944149e-05	
10	2	50	4	-5188.283346640532	236.12712536070484	182805.8862284395	173614.91566709406	396731.51558407705	0.00023712249496058197	
200	1	10	5	-28839.731760397328	2087.3839810189857	36567.17659423434	33709.23724921571	1163119.1703434847	1.5269090654413032e-05	
50	4	30	3	-11807.282010510049	252.8618017199764	86916.9690616872	95727.87200752049	429153.53556457866	2.9300843718147167e-05	
