10	1	70	1	-5096.882787492029	183.34518371130002	140715.650937252	140803.703428105	309178.96765688	4.228090240083521e-06
10	1	70	2	-5175.064054821494	184.48555870236262	137025.811252908	141357.775592740	314862.942017593	4.462303226681669e-06
10	1	50	2	-4465.76405597731	178.53289447010746	142329.8582708729	134115.2078851049	307182.093247546	4.027160546002758e-06
10	2	10	5	-6648.969664503613	350.98549803554914	121217.3056383900	128440.4951847404	602214.219102084	8.736095284418687e-06
10	2	10	3	-6675.890196481785	370.3059819092119	123104.210425742	119442.1490919252	630111.908458590	9.983766604270478e-06
10	1	90	5	-5671.140876924505	184.890502963823	143800.9919619739	135043.0699738410	318193.1615392014	4.560693077972085e-06
10	3	10	3	-8151.98427736469	523.9135131398223	78829.7836612645	150723.3649551138	784191.836410632	1.4830862133321727e-05
10	1	30	3	-3757.166127708484	187.24409090316232	139860.1131909226	115120.6965214322	315508.3004064327	4.499923018191179e-06
10	1	50	1	-4462.936063779812	185.9958361236188	142758.1021493287	131365.1378983789	312415.9628824112	4.355860271297907e-06
10	1	50	4	-4484.412161359318	187.76809847438415	144037.4570898865	128535.2574585637	313573.746928860	3.7441258555567176e-06
10	1	30	2	-3728.719404000807	184.685090161218	135596.659996021	117395.6169787921	317552.228752629	3.982091279528514e-06
10	1	70	5	-5163.59683978721	184.16251348254826	140043.1673258565	139163.9121489308	313214.057236721	4.156112891748112e-06
10	2	10	1	-6701.20573045244	379.64268804637516	120861.2171932434	119566.963916418	648945.673612143	8.822757175427522e-06
10	1	30	1	-3683.808068579153	188.35607981674016	131993.4705203595	119329.8876265890	318703.957659021	3.730878817346108e-06
10	1	90	3	-5722.285014008853	180.21017891531733	142661.2495501203	144799.334019931	302525.931159005	3.860425627990355e-06
10	2	10	4	-6763.05709341737	399.8318885064648	127085.6765881377	112447.7187392640	646686.636448117	8.447946325808565e-06
10	1	30	4	-3653.800001553401	195.56333322949072	135852.1307387929	114164.0453923839	318173.587743825	3.8541584753328066e-06
10	1	10	1	-4157.995238973048	196.46757525006834	114100.0803431715	62773.38582685254	313615.654117343	2.9988198688226664e-06
10	5	10	1	-5482.403978483979	2902.5777841131594	243.2529317936526	161.711285280858	66.1836508242393	5.661493627734324e-06
10	1	30	5	-3849.6377596213606	180.93137105881146	144426.3611949168	114756.5333615752	308655.4018544734	4.269541929339777e-06
10	1	90	4	-5628.758982294687	192.58066568224237	139478.953159090	134897.1708403743	324105.0069939912	4.544415206303715e-06
10	1	50	3	-4430.823436621264	198.07853970708362	136291.2191737149	131936.4671342960	319745.845542227	4.118878085566722e-06
10	1	50	5	-4549.076519947718	185.93913580753102	137646.3435771762	134056.8445231968	316339.7796995200	4.228037571536709e-06
10	1	70	3	-5168.296684055676	181.68861337606424	143315.548443505	138472.3536225355	309376.8492499314	4.141801738118904e-06
10	2	10	2	-6647.418851080977	358.32524142005116	121388.8892600853	128085.726031488	608930.170946336	9.73291642582094e-06
10	1	10	4	-4110.741182914427	193.2810935269487	105984.523699818	69275.0006772421	314919.4148384934	2.642460699579851e-06
10	1	90	1	-5631.779621280882	181.0233559102964	144135.321246404	139015.2332545966	310137.5623308043	4.160342470903616e-06
10	1	70	4	-5117.028054752735	180.4429262740363	141689.7165021113	140244.4736852354	307803.4036888786	4.416629688773697e-06
10	3	10	4	-7905.980333173587	1489.501205504331	92865.4464101785	102492.9372486057	1899757.038089190	1.2427904069761736e-05
10	1	10	3	-4150.653453233013	189.0865186192889	110030.9047044436	66372.3873723808	319101.937044982	3.103138252785976e-06
10	1	10	5	-4114.682944637777	191.68661330654587	105935.535167594	69107.4467822501	324116.703205180	3.1331052466332692e-06
10	4	10	3	-3037.437038628877	1483.0412039895516	106.225802491586	110.2638879741779	27.68356380004184	5.586542957197925e-06
10	1	90	2	-5644.073244662946	182.64389295304872	139884.2440461044	140710.5283202569	314520.1020353673	4.235686438069587e-06
10	1	10	2	-4148.122100925091	195.41429143674594	116298.1651031761	62018.1779203800	314704.0610328080	3.3476464732689603e-06
10	3	70	5	-8003.828365593737	400.71629136771884	105115.9040581388	194546.9271600	620777.161331364	7.41820753022398e-05
10	2	90	3	-7985.871160522133	558.9608857908006	166299.188485134	200865.1690072045	426598.580119768	0.00010019126418384374
10	3	30	1	-6515.322966113445	2615.290809723597	2226321.93744903	1343474.25203308	256.0896437117956	2.0419587695653694e-06
10	4	10	5	-3517.7906644558766	220.00126215018534	54470.4606884493	56735.1127842930	375541.634619422	1.6513372971782988e-05
10	4	50	1	-3698.5855937909264	183.698299800987	60929.07397707974	126038.2761521315	305794.5080385390	0.0002488087285461642
10	3	30	3	-6199.080275175201	706.9651988616358	103074.6215016910	126786.8117981527	1025518.166471482	7.937960011293898e-05
10	4	10	2	-3566.251411975428	224.11931345452012	55499.6255099105	57941.2705855391	359879.774068771	1.7329415986421744e-05
10	5	0	1	-24571.939728195215	318.5989584528749	166028.134434870	150444.2165376552	501621.430108242	0.00010487541000028827
10	5	50	5	-7561.173758237241	2781.485516624638	244428.335483641	58107.60488101074	11400.37923085991	1.9557687051335193e-05
10	2	50	4	-6166.035638459304	339.35059646960246	217436.4165770657	130895.0317051497	582437.910521274	4.448962986744734e-05
10	3	10	5	-7823.619755315456	3265.002630938311	88511.7268260799	102466.3446710992	996424.761510944	1.2870349997371179e-05
10	5	30	5	-5979.959384731619	2935.225086392989	1132.990949868577	390.423360337089	66.244706692550	7.403658686801947e-08
10	3	10	2	-7578.787577062144	4483.74731993751	50862.6533994934	59812.34483697540	172930.0590964691	1.2797229382873195e-05
10	5	90	2	-9505.688034898529	491.0613774213395	187187.8677622573	99396.4746895307	843004.809747305	3.192919530292175e-05
10	5	50	4	-7570.598243745678	549.0574087140495	172275.5135799655	97014.0111581528	917036.823122242	2.4595503316785704e-05
10	5	10	5	-5912.024707217948	2926.7477305119783	17386.1914713701	13451.7101469910	6399.9416758460	1.966031974675172e-05
10	5	30	4	-6174.95684372684	557.8729000899286	154699.1155606852	95352.5725459366	921472.351253663	1.899770469787218e-05
10	4	30	4	-2889.4649308895723	215.29063502440172	100736.4373746612	60656.1577210623	366011.8201726906	6.6312169120404e-05
10	5	70	5	-8562.244420245555	522.4788567938115	184590.496777689	99506.8778970988	840105.465527523	2.807962635174583e-05
10	4	0	1	-10195.801671637257	210.64182441186531	111086.759371608	65850.4744719408	357846.5943782734	0.00014805546093598482
10	3	70	3	-7822.700801425071	292.57980134279234	213851.8938342693	106666.399588742	487144.249619589	0.00019067803565290978
10	5	90	4	-9490.682314616206	620.7351983517801	169167.7976786515	97434.3603512874	1041298.346894291	3.102635210466267e-05
10	2	50	3	-5276.287121612081	270.72703288555584	197160.0221319931	156390.0592364162	423038.840973782	0.00020028556175228097
10	2	30	2	-4710.619645407047	259.0960542944598	223356.9175054000	155729.660802359	362957.477229006	0.00018387509286670148
10	4	50	2	-3680.807284258049	224.83431355615141	134927.2670541539	52435.87684419611	382665.03938378	0.00017426291551454688
10	3	10	1	-7201.561685111827	2872.836190135355	73152.3190502173	56344.3447298179	53369.6383411703	2.016219080473072e-05
10	4	30	3	-2977.364097866286	222.62015329039974	120617.8712337031	61187.4750167972	299803.166768697	7.252338467843792e-05
10	4	90	1	-4559.2624603521	225.6016124949607	149662.4193350434	53923.2683924631	364808.6676229143	0.0001666182259394854
10	2	30	5	-4800.061476817633	304.78494982981437	171089.8614048214	167647.822810468	466266.7205703038	9.678504290829725e-05
10	5	30	2	-6248.682005037088	562.6932092200639	154836.812589899	95019.7627532144	927790.801262478	1.857776404275138e-05
10	2	90	4	-8007.89654713168	550.2253293455487	318226.4782843845	112708.1332541081	490369.080275687	9.189119253927483e-05
10	3	30	2	-6430.294506488938	880.2207788639686	92740.9313721721	151253.6974963148	957332.089144026	3.1522768099725846e-05
10	5	30	1	-6091.01899825915	530.2141862704933	156673.3121548344	95309.4055678379	912220.266631079	1.8822609583176014e-05
10	5	10	4	-7158.6056454996815	647.007174426331	100465.9083988714	89453.2333733581	1055405.627796867	9.305695772317798e-06
10	2	0	1	-24791.66700367048	378.4444930402128	211486.2713974569	134883.341179861	539045.778447605	0.00011562179105746455
10	5	50	1	-7380.049447387563	505.4091863283758	176591.9490085683	98704.0385353689	859751.122279524	2.406415191321508e-05
10	5	70	2	-8546.775514345523	2926.8298615154745	104365.5390750303	11113.02425255305	1410.571532780747	8.505418817506688e-07
10	3	70	2	-7795.987308693936	471.7796210401944	211930.6122068268	89179.0018399322	696022.5616679	0.00012200858365930608
10	2	30	4	-4827.083850100766	424.4614906377036	98638.0396563989	264726.214510952	562190.56325933	0.00013526282511687829
10	5	90	5	-9512.073390042155	515.3890102357175	187906.4706082147	97160.4424334964	881758.522914703	3.030953304790326e-05
10	5	50	2	-7564.97368087348	450.75704110356486	207616.444279903	92948.3641999507	765512.59849793	2.3453000046792316e-05
10	5	70	3	-8734.309505475085	506.89650265287617	180057.606643629	101100.9805017658	845035.660332478	2.7021811727711324e-05
10	4	30	2	-2933.504941801145	213.00198104248994	92844.986474740	64045.1470238463	363396.551945610	7.694848733220093e-05
10	3	90	4	-8674.77618811961	636.0650705159412	104868.216476892	136131.7661299726	1081332.405075400	6.3378288149788e-05
10	2	50	2	-5298.551501402546	271.0466138119228	186451.1452063338	153502.873035681	463629.3903829917	0.00017544523457265157
10	3	90	2	-8688.15834285417	350.1250930810806	120567.194736678	163587.1090158620	598679.314098281	9.713341147488585e-05
10	2	70	1	-6301.8388049807545	324.02395809754626	246523.376988248	126413.7639425286	474316.3847764802	0.00017309239011192282
10	5	90	1	-9489.1077951354	515.0604755838449	176149.0296642339	101258.3544604251	885428.585184076	3.2985787636314064e-05
10	4	70	3	-4220.86938880285	212.444489209856	148559.1645755778	55138.3511188673	361428.7614401217	0.00011453085927219635
10	2	50	1	-5553.068627326681	310.48804398619154	152435.4566267694	257806.459172474	364951.377604964	0.00018307170196852759
10	4	30	5	-2893.941112372895	199.36172837749885	86758.0723359627	72455.8068702676	342321.608399534	7.007672482062622e-05
10	3	0	1	-26921.002324823607	2523.4832694543907	2162848.46295708	1658190.67571875	7929.00120657231	2.3806371225183644e-07
10	3	90	1	-8618.074168528292	443.0373229446877	229835.8927721586	86025.904389468	746545.614699708	8.71074203202261e-05
10	5	70	4	-8712.970634545605	517.1743969453987	166697.1987806021	106294.6077545643	851013.012067395	2.237375703799678e-05
10	4	50	3	-3641.738280387749	207.91747894950188	144609.1916678241	53799.98321194274	353838.5181371434	0.00016254116396488967
10	3	50	2	-6977.923462421448	921.5544001247325	101824.4294671398	138360.0782431421	999132.159764490	6.202767066835898e-05
10	4	90	2	-4546.868226816459	274.4623520413168	161588.2078132330	52755.4973302013	336856.519845412	0.00021026557312894475
10	5	50	3	-7593.572454151905	548.300058650642	158154.2368218965	106618.3084603610	866190.38692461	2.623081599555054e-05
10	2	70	3	-6653.097985459955	351.2422984500954	186836.7162012051	171049.7444224871	440529.4282839378	0.00014445532904710923
10	5	30	3	-6187.19805282397	526.4862527253957	153204.5526901081	97383.5297787387	901176.125767298	1.845589766519685e-05
10	2	50	5	-5679.4721033291	327.66671498871176	190849.236464080	152894.066275988	502366.0866481428	0.00010392184021853262
10	2	30	3	-4498.114717224224	315.0557737120805	136739.389997599	180401.283132735	490796.235879462	0.00016336356409261905
10	3	50	1	-6875.2565922920685	457.100186702518	219324.8282723822	85927.477737181	720175.429087354	0.00011281655740005519
10	3	50	5	-6859.799660778283	406.0225628557312	105339.9662332329	174808.4688084644	597734.595656977	0.00014197987722542848
10	3	70	4	-7732.3752752257315	463.2022247291065	129114.0093450012	122167.4390680040	796820.483490641	8.445804863610445e-05
10	3	50	4	-7135.98855324348	447.5438528842039	86692.7113684948	256965.9988741362	607995.346655680	0.00010992278648652659
10	4	10	4	-3609.058787068967	224.92327317873583	54157.9711446758	57002.1142147682	376444.437803405	1.674134551249828e-05
10	4	30	1	-2868.6883425602155	220.04728619088104	92309.2467297452	65853.111058356	355939.4224504230	8.138484916909191e-05
10	2	70	5	-6714.493843029137	336.56226459683035	115123.2796726802	256287.6068466986	545202.636107858	0.0001404263434374149
10	5	70	1	-8724.515728518121	387.2496139687665	231295.0641210844	99492.7604064084	656088.675569029	2.8924506583043512e-05
10	4	70	4	-4168.377694594132	469.38781253960565	220401.347084652	44287.0479690064	358835.51904021	0.0001231861501552824
10	4	70	1	-4148.318213575881	215.46978866420142	180534.4670773443	52406.3171345060	329613.9643999496	0.0001715166299434911
10	4	70	5	-4154.538570441038	241.67619146594166	160213.709589275	48259.4176671415	402358.00314568	0.00021838526147674193
10	5	10	3	-6353.90346760069	3143.136646223548	66758.8811751403	40152.464453787	67037.4027752616	1.674907515903254e-05
10	2	90	1	-7324.913821931869	260.35881872604466	162729.0049557727	218950.7994140142	401812.457895306	0.00018530630895894487
10	4	50	4	-3576.626328182414	201.1169397921779	138769.8209116793	55314.2616575729	344188.510056789	0.00017893356138629638
10	3	30	5	-6276.186200060349	456.5055752026303	77380.5603476103	231285.8817814551	782372.259618660	0.00011962572666155483
10	2	90	2	-7688.968423303799	418.981495410954	100623.480952990	350136.3961503192	545165.587103086	0.00013269840966058475
10	4	90	4	-4613.480213137356	209.14970799733916	173869.5451525310	54611.18980861796	327225.4438383376	0.00014968519013345403
10	1	0	1	-13403.695921357252	183.56824664289545	140912.4253914567	142379.1088148181	312524.188199935	4.432109161496764e-06
10	2	90	5	-7731.9143749694895	365.68995859374917	166632.022886456	148073.0705817946	613674.458599839	0.00010519182085984187
10	4	90	3	-4545.609158324662	192.23255923104028	163187.0539174348	56476.1906295986	322103.230205166	0.0001643150983081722
10	2	70	2	-6699.908631299065	285.06914792084086	225139.145282498	183500.5453556066	342661.474069764	0.0002027346575459614
10	5	90	3	-9807.686758809796	354.31289851784567	243804.0552753463	104856.017818051	592557.598743460	2.8958679457011457e-05
10	5	10	2	-6175.162924344964	2963.223182857871	55077.5221329440	36018.7849504130	33942.888394618	1.91284468723021e-05
10	2	30	1	-4299.608502930615	241.5240300668059	172099.42347026	157528.4420018081	415384.968754514	0.0002322325086884117
10	2	70	4	-6284.093262666617	238.45872285141544	178126.6118035105	191687.9895350026	388802.219233527	0.00022431830547633928
10	3	90	3	-8541.894046751684	438.95810081891017	102650.3207200374	182886.2184784018	630753.739536384	0.00012649179498423478
10	4	50	5	-3634.9928895299854	216.26526825510055	151794.0315659803	57202.01899660309	314720.6340349139	0.00012947933794370936
10	3	50	3	-7060.2172288032025	799.3395077560705	153094.576653736	100448.142183978	828603.96559517	7.142525023680209e-05
10	4	90	5	-4571.479536585213	214.67596870868266	181432.0766846997	50940.4886238001	360613.91420065	0.0001272315947596722
10	4	70	2	-4219.40400436798	205.06025782350892	129809.9541166233	57771.94125181124	344738.7904770126	0.00021762162533206693
10	3	70	1	-8005.559722836122	767.7656006230702	92124.8234689818	210507.38877758	648339.543749200	7.402418861343029e-05
10	3	90	5	-8714.6746963234	478.1735682077656	216191.052942482	98523.4882670540	572428.20319083	0.00011966014088065903
10	3	30	4	-6280.849455183514	479.13328448235643	95207.7284872967	163181.8103456256	733336.405070581	0.00010350691603422068
10	4	10	1	-3527.070702231889	222.6323498395634	52889.361248395	58020.3521184449	378277.2736806540	1.6809559463521735e-05
50	1	50	4	-9223.704657495833	1681.6927992690155	2050.471431822004	1726.600906015878	154.3563335747677	2.8230349829646553e-06
50	2	10	5	-9094.01489014359	988.7019906281513	7808.50866672892	11807.47569315815	1996.987548198603	5.148425795287599e-05
50	2	10	4	-9236.712952202917	1250.259757363968	17343.46001633722	17499.72517021308	22640.6220000313	3.587285120366668e-05
50	1	10	3	-9571.521183915485	1489.743980007528	74.0081220837775	67.8467967156145	27.00867591627382	4.704037483578157e-06
50	3	10	5	-26775.020792388274	2563.0008978900087	2237.191206782469	645.553302639537	121.5889023095165	2.0079089375089322e-05
50	3	30	1	-17158.000766441153	2826.9050327364557	79044.5056935082	108859.3611305733	238843.720031018	2.0119728038837202e-05
50	1	30	1	-9759.539718385951	1515.2159663584523	46373.2161876864	38707.23908179888	51622.48045124244	2.6445775735193805e-05
50	5	10	3	-11044.52905049528	1884.0763962155613	1655.354032383062	1725.637843453228	625.984255886816	2.8685739770005122e-05
50	5	30	1	-10533.317014061548	265.4624544349614	71014.5858255789	74254.0319175095	438394.092744748	2.7686032809715037e-05
50	3	10	1	-28357.46783874577	743.3830573541549	108266.8903647884	71108.3241410870	754218.936833610	9.624073675417243e-06
50	1	10	5	-9866.032210990656	1428.9332852029147	2081.96491638603	2410.403946449731	810.914423799722	3.75103819691759e-05
50	3	10	4	-21357.3574812543	3247.856499462705	450.253989368532	457.892027707750	147.1581332058368	1.679595810674286e-05
50	4	10	3	-13574.411564286595	2395.592651451684	3379.833647969985	2747.82029152742	1269.949140085614	2.3108554948833357e-05
50	4	10	5	-13317.798265257923	2319.7509445420187	711.879639693067	714.109307051096	238.689115001126	2.494392951972881e-05
50	2	10	1	-8333.909860821514	1129.4457464222664	5406.817116806565	9619.99293125721	2701.60870511768	4.9884745341462634e-05
50	1	10	2	-9687.48425734599	1482.4905804388322	826.269829618491	774.133421641532	298.920508284116	3.686448594314103e-05
50	5	10	2	-11223.769367695495	1845.3093881047223	2593.197289366787	2569.270057003446	915.578272423304	3.1245404986290465e-05
50	4	10	2	-19471.011572803087	364.25348317456803	103446.899721876	43681.2963155080	329576.7703100996	1.884355917886557e-05
50	1	10	1	-9945.671318218221	1448.6533787192557	4204.86885428949	3176.901594052113	1437.078929054838	3.759044400688801e-05
50	5	10	1	-10939.40950910109	1865.1920647092593	1165.2436638975	1049.71667147168	399.538639929795	3.106356571283365e-05
50	1	10	4	-12114.79828108168	1832.4381570327232	37281.96622763314	34060.8944645560	478107.232417158	1.6083381853926912e-05
50	3	10	2	-27694.057437448555	6518.234723095772	80112.6422258817	87432.73048323	4039166.6021047	8.307744944279899e-06
50	2	30	3	-7569.006472689372	142.40890687510492	57971.4202588002	48770.3816260340	237030.020680808	3.567044878977845e-05
50	1	50	1	-9729.627311505224	227.84896022162283	64800.7417306534	63145.98793611779	391251.729755299	3.6067145691950866e-05
50	2	10	2	-7689.860989486042	1191.8741511931867	2759.555539522367	2842.60466328131	962.505594348465	4.7312992846144e-05
50	2	50	1	-7022.83206990998	137.27457235460483	70549.0731126454	55193.5031504938	234024.901027548	5.284029522696097e-05
50	2	70	5	-4444.573249254441	145.65748295340472	71459.673820605	63292.1411377798	247245.3288740743	6.538622636651589e-05
50	1	70	5	-7390.518612256919	235.35378459474967	70332.233237515	70214.9611866692	388428.373303762	4.139873816119823e-05
50	4	10	1	-17653.11256487669	704.0541288586446	61447.0722264363	63345.74750146364	456882.5603379254	1.0288608730681182e-05
50	2	50	4	-6907.994807584801	138.94593510284196	71279.0803014706	54332.1937265936	235346.5410765137	5.447021833991061e-05
50	2	50	3	-6951.835081301443	146.8102839160185	68932.6981136581	56026.9812517848	237380.2433218950	5.5249910291461464e-05
50	5	50	2	-9612.047584163352	197.79323349811258	96019.933889996	83193.6792227192	338878.673472526	4.431056020604169e-05
50	4	30	2	-11663.915018530826	321.4750999412556	84629.3774698838	85497.9485881815	536487.070241009	2.8788927476088605e-05
50	3	30	5	-14280.299601091987	3000.8041124554766	585.824499582735	654.86704413368	59.4199189737598	7.925127596934552e-06
50	2	30	1	-7610.565298465996	137.6598176472002	59021.5214483924	47805.098906183	236824.5478056121	3.437416465913011e-05
50	2	90	3	-4192.954198008256	138.63206764613355	84370.8699744152	61292.0624830580	238113.1751186051	7.481013413669349e-05
50	2	50	5	-6969.279842297352	137.31436233461503	71019.9540716174	55945.5485623519	236036.120954422	5.375120773646679e-05
50	2	90	5	-4138.8708356163215	136.39237393946667	84896.6242871406	61607.4620838298	233665.5486584163	7.614776759516327e-05
50	2	70	4	-4469.242410239668	137.7652486543793	80092.3262500968	57544.2343644647	236203.36134480	6.730761732196083e-05
50	5	10	4	-11714.469039313977	1764.236675050371	7050.767542763559	7530.25765876976	2575.010520777173	3.278557266718886e-05
50	1	30	3	-9841.533210246906	289.6875872591699	54867.29545980741	52138.01644381857	496736.417150280	2.9801108637162293e-05
50	5	30	5	-10641.421012781562	1856.4765911944428	51595.3274875105	65541.3258739725	88319.6927037872	3.1158920327086007e-05
50	1	70	4	-7354.6329857643495	237.1761178234298	69173.1350186613	69439.0046529443	391999.317504694	4.3687668517075814e-05
50	2	50	2	-7025.628781351668	143.30580234874495	70453.8947964320	55468.4008622354	239982.328998747	5.182638598889848e-05
50	1	90	1	-7351.729243133638	223.5253209446027	72489.144243265	76718.1689003300	375721.8245988515	4.7222092587117555e-05
50	2	70	3	-4459.091472126626	142.57241093757415	81035.0118653164	57101.0153441852	238605.171436429	6.779502908396394e-05
50	2	30	2	-7561.894799674568	137.57392059065484	58433.5449613161	47916.9349807632	235767.9714202998	3.143069531759022e-05
50	5	30	4	-10466.520336929618	259.42423666798135	65447.0095127593	79653.4344991872	438150.5661092408	2.7893569023965637e-05
50	2	30	5	-6701.135178011891	1384.3226832786927	278.787868678345	207.0830413623356	25.7619880420014	2.379175544309328e-05
50	1	50	5	-9725.654967369695	239.69593725907836	65229.8070485031	62627.37779719700	401987.6242724049	3.7026746715570034e-05
50	5	50	4	-9561.3554665061	255.37340037605688	81398.6868109647	85288.620874728	424288.0633670655	4.101972356575973e-05
50	4	10	4	-13142.667553778885	2312.6026105216692	118.2616986941044	123.741356377795	40.0369454910131	1.7938960528898078e-05
50	1	90	3	-7304.174354864914	211.34549387286654	72627.4985358853	78595.0089157634	359620.2847140778	4.3703846286102074e-05
50	2	10	3	-7613.027235631397	1156.7809328223875	2834.32374610315	2200.382351550078	785.553424431871	4.753315438000961e-05
50	3	10	3	-21595.905423396307	3228.145158232681	2824.311388663446	3085.88750318835	978.060369665646	1.7859193054383497e-05
50	2	70	1	-4419.17284574484	141.2600491270792	79062.5879273188	58746.04112966564	236810.9744681420	6.39860653287787e-05
50	5	30	3	-10309.926072649958	266.7824610828741	70597.1871214042	73403.9246848676	457585.889208576	2.9178242410901462e-05
50	3	90	1	-13706.481489691381	527.9948092411463	69677.4776883108	276878.035642036	858608.385082151	6.852078477369111e-05
50	1	90	4	-7325.951981968913	218.2696080382349	70803.0384630735	78117.7526419640	370336.188237966	4.488737492614182e-05
50	5	90	5	-5967.064869900144	245.71366057306713	91946.7275481616	95541.02119047	416935.0250724804	6.615694472918976e-05
50	5	10	5	-14489.884612252534	4095.404894377746	46415.2150220436	47145.7398388653	6250278.45343984	1.12945630709389e-05
50	5	70	4	-6317.0856965713365	259.38261197620494	85653.0074348689	92325.2864578062	414341.5182451755	5.589483513919758e-05
50	2	30	4	-7573.988899139507	145.47980015489668	56699.8816816685	49845.1037785347	236081.1417579104	3.436593288387624e-05
50	1	30	5	-9867.84467623193	1667.711743744676	48944.98886935980	39682.85121869611	112136.3858285311	3.449990450949812e-05
50	1	50	2	-9666.982433546227	254.28111320820622	63946.49460047034	62898.5847141948	420845.611389172	3.750509605894925e-05
50	5	90	2	-6035.3427782093395	253.82061626053493	90921.8365185484	96461.0141518319	415660.399082005	6.765512306321038e-05
50	5	90	4	-6005.166026173419	243.7865304476181	89282.5698749111	97130.4866361516	417522.462244016	6.564515551185342e-05
50	4	50	2	-10467.145379925947	318.9981737307975	91186.8644136515	101589.9014191022	514568.7167177669	4.1313096203160546e-05
50	4	70	1	-7500.119071062545	317.9742935319702	95900.4304188937	110190.4229538498	499341.5460203624	4.772478510035947e-05
50	2	90	2	-4191.395186515622	128.67501090915354	89785.4072928988	59755.0070321683	220933.227274656	6.385911275406413e-05
50	1	50	3	-9682.246827452196	237.3539123245685	62627.4997430008	63967.9755203902	408557.944102140	3.687403228729355e-05
50	1	70	2	-7325.555261243161	235.00995257261877	68375.4648914422	72766.7306462014	377536.395010389	4.3171312953496936e-05
50	1	70	1	-7289.662168339439	225.75858518627354	68230.1228309817	72442.4180384707	384371.384261063	4.128856926517474e-05
50	5	50	3	-9533.384418931304	256.1348364184226	79828.8590136141	86332.4005522339	420233.0746314457	4.4890149539278684e-05
50	4	50	5	-10548.684469772996	296.2122007284982	92006.9488692854	101982.0478172539	501614.1802243507	4.041104306930456e-05
50	4	50	3	-10543.950495969528	293.8365029636299	92564.9828653145	101588.5957199546	489830.268090308	4.099086055626437e-05
50	4	30	5	-11689.083574363118	320.42511716583675	81704.1132910733	88242.8626667747	551851.661312734	2.7250471620510496e-05
50	4	50	4	-10532.607520747288	306.44492532205635	88496.7226392919	103339.3404673551	526914.006565678	4.087527401437334e-05
50	1	90	2	-7314.8605345618425	201.55144504437413	76240.3279082607	76167.6036094970	343115.086368714	4.4184176174776084e-05
50	2	90	4	-4162.089705434369	143.91544835492832	84779.6064981829	61488.5381935582	231233.8797874661	7.801970081875542e-05
50	4	90	5	-7204.9613381156905	321.2450459870603	99358.683776205	110574.7813266232	538694.038299627	5.99998771303944e-05
50	4	70	2	-7600.118118797889	285.84185412574254	96275.1372922691	111368.228312257	490682.461171391	5.013451897394395e-05
50	4	30	3	-11630.687412947245	348.0164975065373	79725.6389379382	88157.0832442487	593615.585401206	2.8564323173223818e-05
50	4	30	1	-11592.079198396596	315.02323819400107	81697.1483990831	87806.7848179137	541579.946144483	2.8494042508750984e-05
50	4	70	3	-7541.430688524617	301.7919725124401	95565.3544304116	110073.5865808734	508230.840775945	5.410179155508199e-05
50	3	30	4	-17175.323164533114	909.9550419308716	90724.276589321	114974.9473119291	1367384.006427254	3.2945408075911337e-05
50	1	90	5	-7333.558330912429	228.16295527249255	73353.1333350675	75908.0126973713	376214.3657335334	4.777492012137925e-05
50	2	90	1	-4172.769768711831	140.35582276938197	84617.5130477254	60999.3364731826	236844.958929090	7.489435613522341e-05
50	1	70	3	-7392.333930807223	237.22063701095956	76003.6838682929	63755.89555938545	399688.4779655504	4.298161591252131e-05
50	5	70	2	-6331.498797576001	255.06832917725646	86918.915486162	93693.5538949609	410214.522824615	5.280701543167411e-05
50	1	30	4	-9885.717169495594	225.99663850629472	53614.0845703395	60804.89896766779	319037.5080459135	3.323020964464619e-05
50	2	70	2	-4466.534567080653	136.9218770879968	78849.2122252992	59039.4856991444	235082.1090760583	6.559856170800708e-05
50	3	30	2	-16997.03848133688	796.4716147995698	98825.5000571494	106169.1153897333	1353995.059775195	3.2991841111806415e-05
50	4	90	1	-7258.192798602674	284.6834674960955	84487.2680686891	141154.543455828	481191.71294702	7.373881079173044e-05
50	1	0	1	-24487.387930404773	220.76134541346653	75752.6573763301	103999.115263258	373137.935250361	7.384187447938546e-05
50	5	30	2	-10386.14851104599	264.5876690292971	69885.7323406052	73838.3230499972	453506.214104481	2.8957377513038432e-05
50	5	70	3	-6322.654666974053	245.46874946135398	86457.648589472	93315.062902713	414669.618373369	5.695652207652997e-05
50	5	50	1	-9667.12706413102	256.0689371726688	80156.2394355168	87064.8660851094	414419.9487725560	3.853314976727487e-05
50	3	70	5	-13285.088323634076	537.0456724538541	117813.0013839778	129850.5304207828	780480.303851130	4.5644683566296325e-05
50	4	70	5	-7527.910296080365	321.1369202041974	97506.5945921496	105693.8802989589	536481.495775635	4.852471998495997e-05
50	4	30	4	-11689.698814009516	323.40750439538436	77793.434139447	91824.5851256566	553718.212597880	3.120502717740283e-05
50	4	90	4	-7284.4018884568895	302.1841244047809	97924.0850685495	123189.1008527505	441345.7448734377	6.399071430410134e-05
50	3	90	5	-13302.524339988027	371.1692755935529	105418.023268551	178150.204876608	628941.593451764	8.224924226573486e-05
50	3	30	3	-17021.969470045984	1172.5990426035255	99019.9658253287	104472.7631671534	1889772.64970993	3.7881014801408057e-05
50	4	90	2	-7247.735642471406	305.22624518003624	103706.9526098256	107036.0346205590	525156.627910531	5.9331174402466384e-05
50	4	90	3	-7268.9373600833505	292.82345479367683	96205.1882462305	121331.8961790650	480844.482683024	5.675912809327671e-05
50	4	50	1	-10462.088111662999	303.22115756554814	89351.1832429333	102580.6336678699	518113.6270451185	3.9662300860362937e-05
50	5	50	5	-9607.540514218312	250.85625353392783	83934.0279391425	82757.683997938	420161.258301114	4.010765468358147e-05
50	1	30	2	-9728.385998994627	299.64436653731576	53276.6643579710	51799.0581125267	513323.0751688996	3.033441468518382e-05
50	2	0	1	-16389.88810211705	143.41423353891983	102651.8061892818	68217.211591034	245256.6356770262	0.00016859786184162903
50	3	50	4	-15885.684592343436	643.1901932613442	111725.0613004697	117809.4444837757	907587.560194469	5.537818350203612e-05
50	5	90	1	-6036.235542677885	254.9108108160026	91110.4964790573	97554.4690582768	402704.122881276	6.552660485444466e-05
50	3	50	2	-15732.074602449122	834.3446251839016	94596.1346844509	129422.7498359897	1393295.712529579	5.6517284300635965e-05
50	4	70	4	-7653.009478560153	260.7004829736566	99257.129340318	112269.668079081	443395.058800379	5.286584231722197e-05
50	5	70	5	-6371.119219465571	277.2765638152719	92313.6714828647	82276.440733221	465611.802513998	5.1869699960723024e-05
50	3	0	1	-61393.385295275635	298.6107698075521	159281.0937072141	166697.9565985275	469434.8653455676	0.00012702382940265122
50	3	70	4	-12981.108353255619	827.3415112543033	109540.1412018145	121956.1330020193	1198483.401597299	6.96097665949735e-05
50	3	70	1	-12931.355448678964	677.0081096111493	124768.4277370370	111173.1694020216	1034335.38920467	5.356718920204091e-05
50	3	50	5	-16125.496102908595	541.0735973478629	125421.6771662630	106136.1257279285	893869.469024851	3.866190429697808e-05
50	3	90	4	-12830.11406373213	589.2076077238996	125586.5320374551	119667.9470963346	960549.484959890	8.263175198348395e-05
50	3	50	3	-15823.332615339496	800.631907558757	106598.460231130	113691.5906459234	1368392.41425912	5.506425071966177e-05
50	3	50	1	-16027.432303044227	496.67032424907	103962.1244925584	131576.9646717295	823625.545539610	4.796805366417393e-05
50	4	0	1	-34073.98805195303	267.1466605926057	101659.6336459437	159299.8702857997	443161.2194135875	0.00012284606840261487
50	5	0	1	-28511.48676900814	251.7481052181362	88828.643845296	130196.7778747284	423714.266499566	0.00011891899700455667
50	3	70	3	-13071.164790046625	585.8470109195542	99546.683685005	146322.022528726	935132.998306672	6.680578239350325e-05
50	3	90	2	-12833.424122659077	587.3089725378074	113773.7986562949	133335.4395502736	933602.602827503	9.018635994710083e-05
50	3	90	3	-12697.51340064423	621.7563980091481	108603.645276551	136490.916902496	1064857.94622991	9.174430522338268e-05
50	3	70	2	-12964.048923741839	633.5274703305246	99792.6268827775	142483.8302531555	981770.849222902	5.895261983117048e-05
100	2	50	4	-13145.533893961438	135.0441187033131	81586.4250374219	72396.8734205591	225748.8364990886	4.489274594297742e-05
100	2	50	5	-13256.963681531215	135.30071438367483	77121.7027862233	74582.2263885457	232412.7828429684	4.554382230153681e-05
100	2	70	1	-12134.322887069497	134.73659864584465	89651.9724706531	80298.4554244554	229050.333948062	6.026381048550874e-05
100	3	30	4	-18061.444244576716	372.57967923163096	63939.2756973275	70247.6741427474	405171.555762089	3.1460009027156905e-05
100	4	10	2	-42273.915989162786	3577.5407277591303	31336.33050824754	30600.74672948735	11936.09282888510	1.575411395703677e-05
100	2	50	3	-13120.144235551164	140.78414051618978	80879.858009805	68577.4069847181	241958.2080190413	4.1208633284945225e-05
100	3	30	5	-18090.471161658024	337.3324801262496	61596.2481609825	66269.8775952672	579449.43214294	2.996442398694044e-05
100	2	90	2	-10841.66045495759	143.8689500563892	93764.8475698800	85600.7018816200	242548.8326451847	8.158557911483814e-05
100	2	90	4	-10762.670469040851	138.67772870386887	98433.7330349538	84063.0246831587	229134.5862613778	7.626556379075615e-05
100	3	10	4	-23624.68386698121	218.40713771183408	44591.5063773392	52199.2122825439	360854.6190481554	1.3777804036165986e-05
100	4	10	3	-48228.39847709862	8765.417998834622	90742.1687158557	94989.9286645010	3134042.96244599	5.624238550503407e-06
100	4	10	4	-37747.630592563684	4087.8013634322206	922.75486528145	952.639589156054	330.354027521362	1.3535597718136216e-05
100	4	10	1	-48838.339239379064	591.3654472095616	99021.7810090361	92798.9776205982	988820.997526430	4.537842634655858e-06
100	3	50	5	-16795.047862957832	279.6766534173388	69854.7460322896	80489.5230478243	478400.153626417	4.395106081371986e-05
100	3	10	3	-21028.98777463175	1559.572163748266	9227.55316595322	2408.524493807525	857.717594598983	3.557820354093544e-05
50	5	90	3	-6002.757046988327	254.14315108410875	94565.027462142	93513.0785934730	410383.1034136339	7.12287678227863e-05
100	2	90	3	-10890.751935362086	135.75008520204713	100582.7309449879	82150.687581592	233762.3320381289	7.492444639745549e-05
100	3	30	2	-17956.20234266189	348.06396772137697	61356.0733614616	65733.559144501	593516.911642920	2.9915634798198708e-05
100	2	50	2	-13101.28297637151	137.54232466759777	82230.2802355846	71943.8152311561	226518.1553997101	4.714573054318649e-05
100	5	10	1	-25771.741411715415	302.2960083618484	49051.0156583016	55630.0028904711	499027.81850997	1.0667707356566219e-05
100	3	30	3	-18048.621974601403	337.151313028406	61705.8569359855	67051.5451478628	577536.761242781	2.9282796643614833e-05
100	3	30	1	-18006.428548068252	335.71717036961934	60917.50257780753	67331.9309081644	569627.03057526	2.830875100209264e-05
100	5	30	2	-16185.047194762163	2312.21281602715	362.9058216828350	381.38917908061	43.7954181531328	1.1189105850766245e-09
100	2	70	3	-12312.538863158676	136.37720907493616	93032.6879084964	77419.0027469584	229239.9877653670	6.306018892088559e-05
100	4	10	5	-49048.109417981716	1178.6615511466205	97892.0322431880	95726.9189532100	911036.038448557	6.585806309909577e-06
100	3	50	1	-16732.701054371246	289.9459010133566	68641.793737527	79825.3007272817	487793.5801480072	4.23242584774659e-05
100	5	10	4	-24535.800004957004	1679.3941057545076	21504.25776536297	28439.67559609778	7866.300257364473	3.2274103630508644e-05
100	3	50	3	-16673.186446543452	297.9404611609564	68746.9126936177	77317.994330364	504071.076519460	4.417692892245333e-05
100	2	70	4	-12186.582771891706	127.72892624451444	92607.2465239967	80262.6583854562	218899.080585626	6.377378886476194e-05
100	2	90	5	-10837.670132264548	146.2042196689924	98214.6554443270	83405.6576379517	237681.4051382252	7.078996207105157e-05
100	1	10	3	-28987.528910586832	866.0320841844471	35092.4256081877	77156.1889984402	815462.280089422	8.182848630447772e-06
100	5	70	1	-16996.33249688789	326.9211497484219	82470.9621531142	94542.5841811529	547872.072092572	4.655535775984487e-05
100	2	70	2	-12292.404781739724	139.74602554855085	90456.7028540612	78105.2354578120	236544.3546015613	6.149109704483118e-05
100	5	10	2	-25622.88519469857	1155.5280186832993	49013.05418059842	49864.0064232922	1156271.173887677	8.951829225090062e-06
100	1	30	2	-16720.852722332755	2351.1973590676466	463.5048198525607	470.373233573366	46.9321611565349	2.646339003480094e-10
100	3	10	1	-19908.40930757022	1785.2937577837395	10214.96569469102	8996.96459747895	3413.792364217408	3.236790134123842e-05
100	3	50	2	-16819.94873025651	225.45217954382926	68402.7357869996	88134.9498318985	387135.024698200	3.888989263960398e-05
100	5	30	4	-17840.260089090345	2095.7892967610264	32613.79584286695	11227.76430336609	2351.13898527961	2.5927469674386708e-05
100	1	30	4	-17011.592564705843	2279.935338903698	9171.58902253914	11002.06449055147	1046.924283156209	2.5302953602930635e-05
100	5	90	3	-15679.157543137511	331.4030870971199	86409.6392723007	99244.2350522503	542698.052465078	5.714337494930614e-05
100	1	30	3	-20488.42916893935	451.21374627042485	75752.5183644510	74448.7075453141	769398.727404072	3.1571622667961124e-05
100	5	30	5	-19794.787055719396	428.2430877473621	68980.3690553510	72642.9513953356	737596.014658516	2.5904451172103036e-05
100	1	50	2	-18502.383042485682	368.3337387873455	85156.0582655132	85473.4054515528	613718.999831106	5.315743927011694e-05
100	5	30	1	-19618.50700862702	2019.1358854051753	49538.2903367345	69487.2804658582	67808.5814560499	2.697131312925248e-05
100	5	10	3	-25543.437010735473	5016.176716455715	27069.5891666381	37914.3295265024	220578.076289437	1.1211880050087537e-05
100	1	10	4	-30759.485883050496	372.1797964109069	77389.474560612	48175.0707933379	330732.7764843243	2.141508802715352e-05
100	1	10	5	-24858.868539036448	2323.621966630839	10307.71192009304	3156.34248094861	2500.135199398181	2.355268999380162e-05
100	5	50	4	-16886.47387201101	2063.1085682366042	48604.500403318	38510.4346014832	3433.09661264465	2.8044130876705277e-05
100	2	30	4	-11807.226559457271	1715.9936094914353	288.134339008665	279.441531704640	30.4294488069698	1.312791669098164e-05
100	3	10	2	-23820.686700174458	537.2224443624673	42956.4923665054	48869.4195357637	574902.376986436	1.713972065231128e-05
100	2	70	5	-12289.781515214312	138.20072860998843	93399.0404853165	75790.2155196506	237716.7249770516	6.0354617260598177e-05
100	5	10	5	-26151.6813948939	398.34641997325724	41364.68591345457	63171.98230189014	685842.270306300	1.1956266068711397e-05
100	2	30	1	-14010.020645460967	135.42635202617427	61558.88649301857	66954.5794516906	220609.1973351171	3.351960204865894e-05
100	3	70	2	-15734.477443053325	259.1139510668622	69819.1837260066	95165.1946987332	433377.3628278821	5.311144017133697e-05
100	2	30	2	-14040.001426501343	146.3214504236718	65115.3005544540	60040.0367339244	239617.588509821	2.984059532547133e-05
100	5	50	2	-18328.662250872323	343.72959805564597	87668.8023031495	77119.6560352475	549536.699446462	3.4839934767517565e-05
100	5	70	2	-17063.572156191938	324.22809826254445	95729.584538971	81120.5227799316	535061.091424603	5.181232124520658e-05
100	5	50	5	-18173.90973627912	350.5469847147049	77846.636959756	85383.0877521457	593829.794267672	3.976885506298808e-05
100	5	70	3	-17157.781261426688	374.2938843372395	72620.2332032119	102134.7664146669	640503.227317101	4.855623032219846e-05
100	3	90	5	-13404.926761998042	2132.4490437471645	880.296627950332	998.174655238606	37.9835963095369	1.4960402298870575e-09
100	1	50	1	-16623.688746047177	2173.4543525377653	27600.4362878292	33807.4472066105	1792.58676907554	2.590349089327876e-05
100	1	30	5	-20469.34805000352	1490.1151483143797	69936.2444247494	76800.4508074264	527623.595437502	3.723269146440769e-05
100	2	90	1	-10773.983066656288	133.1270050121312	100450.4296199339	81900.1259851768	228667.3047280527	7.272820413748021e-05
100	5	50	3	-18350.255980175094	353.54575110766143	77903.542590620	84346.2120159105	603404.184037421	3.955591649036646e-05
100	4	50	5	-28396.68847863959	629.4775366096784	134199.738783340	116076.8726121566	1049614.890872524	3.86153927667982e-05
100	2	30	5	-14011.136213114183	136.68063670384132	66185.6709686089	59807.8557346854	232649.6981345783	2.9395908728812145e-05
100	1	30	1	-20390.633290649563	626.8142947870047	74117.6154413180	73773.994525613	794055.503608244	3.205327421027825e-05
100	3	50	4	-16693.66043919886	247.99166240717219	62392.7541671835	93923.3603962618	421919.2315589872	4.866794110065849e-05
100	4	30	2	-31079.673965116832	535.4320430758705	85589.9510846971	163253.7813139199	917832.636493112	2.1238945193075303e-05
100	1	10	2	-31010.07865832616	297.1369238800506	88175.7044488943	41078.7422020402	346892.341391844	2.1061849120750675e-05
100	2	30	3	-13953.946305015583	136.18451588487972	67060.0068886428	60401.73985132317	225088.4698128293	2.8752169637097753e-05
100	5	30	3	-19782.5064135302	367.9193549241798	78680.8253706040	67093.4255522323	581252.776815485	2.654345147339866e-05
100	3	90	2	-14503.798622231452	262.1153620728444	76233.6173905717	94846.6833375065	443256.823345317	6.269915217167282e-05
100	2	10	2	-16848.50183560858	150.56212209501874	35766.5399155255	39433.09259028	259291.6502219338	8.881723255945025e-06
100	2	10	1	-16888.86782892214	114.22492850758884	38978.18410093091	42111.5206343938	192131.3992097787	1.395004436889667e-05
100	5	70	4	-16985.95272911134	324.9172086939299	83148.405171947	93933.317222744	551618.39442064	4.8802051490206865e-05
100	4	30	1	-30900.894812991173	628.6314267986049	151419.3755833628	105161.7530745280	602604.36557186	2.518499635031236e-05
100	1	10	1	-28290.800999912404	6372.904690825544	52563.7010741772	55435.3601675264	8550281.43672337	8.973484131222657e-06
100	2	10	3	-16909.983343949185	132.2067881322108	43545.5207959809	39008.6584844805	172854.3059654464	1.0107637366276365e-05
100	5	50	1	-18248.82908469073	365.5095463489186	72911.0624071249	89916.6499194552	601443.455442003	3.6039178904388765e-05
100	5	90	2	-15628.081012146358	316.0011089338329	85610.0163906529	99925.3878185669	541491.513708914	5.64439250100597e-05
100	5	90	5	-15634.597289323514	328.8057394312516	86456.642664817	98295.9154690326	563905.189025904	5.5954060562333224e-05
100	3	90	1	-14432.082636249408	281.9848321298663	75430.0556912521	94985.2293747409	446928.5986402809	6.351225944523228e-05
100	3	70	1	-15688.971226025236	267.92566306628726	74343.4994745564	90640.7044640185	418487.2554460951	5.697866019537393e-05
100	3	90	4	-14575.597157781118	269.57525266694984	66380.6032016866	106913.350092906	464021.956875831	5.763009212464582e-05
100	2	10	5	-16824.600324085568	160.44124797885675	36707.33216741575	39457.3159265627	256044.9504765599	9.324442896250774e-06
100	1	50	3	-18660.55873263985	352.97459107536065	85976.8047458748	84833.5967270706	574254.259927525	6.373610844552799e-05
100	2	10	4	-15467.2376381138	1348.9528988522868	13765.08889741969	9555.15978051745	4746.655325116420	4.109077652691462e-05
100	3	70	5	-15745.741378721004	241.82839197629	75280.7112089744	90785.2010636901	412130.477390224	5.6833826280821165e-05
100	5	90	4	-15634.79042498883	311.63180996889423	86198.4605046071	100566.4268726947	528532.840400403	5.3993880551086524e-05
100	1	90	1	-15779.599383324898	307.7263878505757	92942.3659320841	100900.0142140384	523058.855871814	9.658071701140315e-05
100	1	70	3	-17422.384016498636	326.0052118693892	80681.1606274757	105298.0949803585	554354.656038308	6.7202129610762e-05
100	4	70	3	-27421.922390623742	418.19689809594513	144403.0450908149	134546.2886931394	676686.281607684	5.4155229639334674e-05
100	4	30	3	-30372.150225319823	2208.1336046045	127459.0473424527	99201.6001027492	1949891.542956903	2.3827411064154406e-05
100	2	50	1	-13157.282847390818	135.8000881930166	80765.3493120294	71881.8480907440	231294.498422620	4.315532447646633e-05
100	4	50	3	-28360.067675514845	607.6054194585671	142625.137382551	123074.6782872545	663929.955233724	4.12888518305159e-05
100	5	90	1	-15634.196512615528	357.26316265183414	78268.7594781497	105744.1285886638	588052.243088355	6.139693427812438e-05
100	4	70	2	-29606.20975958923	2458.922151543147	118439.052381481	130678.7674598983	738910.614406329	2.343973667884287e-05
100	1	70	2	-15393.739156942158	2334.2911145857674	6358.88801086950	6609.26655040548	258.26122659918	2.481357344294593e-05
100	1	50	4	-18597.253698465964	347.3158023615254	85857.4141557199	86089.2829988959	595212.88263488	5.381579060184465e-05
100	1	70	5	-17252.12494158749	333.88823005275174	93673.8979902781	90786.2280690719	559670.270588309	7.606388302527369e-05
100	4	30	4	-30492.012039617086	478.6413313634183	112080.2132672992	132100.289025280	776776.799933389	2.8697124546738946e-05
100	4	30	5	-30334.028235670605	2563.2587577334957	108848.4526981917	114554.9484878952	2062562.638820923	2.2435234072636e-05
100	3	70	4	-15667.01304877598	273.2887518315643	73310.5903078858	88523.6409566426	452269.408076239	5.4924535717771804e-05
100	3	70	3	-15747.96646412654	269.35769765853036	73544.5226244900	87217.0044976099	463325.64181300	5.46095904418396e-05
100	4	50	1	-28252.475557055543	1340.403876069664	108667.8380309348	134317.518008667	1304587.790440215	4.108458434688451e-05
100	1	70	4	-17185.845462101675	342.6601399676513	93759.644305259	91859.6279062413	523798.2107183056	8.00636801366693e-05
100	4	90	5	-27026.91714211748	2943.284609568917	107519.0716971349	147166.2322850831	7476.57697637099	1.9046489069195366e-05
100	4	50	2	-28265.49150224438	912.3724469911474	146503.8891878313	102407.3565595522	1240415.60442891	4.5757597036556243e-05
100	4	50	4	-28411.41175296585	1529.3532576865612	138733.698022239	102437.3680086979	2075288.80585682	3.514128937789954e-05
100	3	0	1	-41152.59997727167	256.53897545788806	93046.682696435	129244.9559389229	377200.731230753	0.00016197529240067168
100	4	70	1	-27538.123027321373	458.6522749263483	120515.1085829699	154747.4179221466	764270.509270459	6.418274631779111e-05
100	3	90	3	-14527.434855688536	284.3829498397335	76486.4071820298	92757.8451147398	460079.8394060207	6.397894823689687e-05
100	4	90	2	-26728.078954256962	430.3943619000152	160856.346581096	137735.443424723	580553.668018523	6.688957166681784e-05
100	4	70	4	-27318.571541016892	488.3899925413045	134510.529216520	136100.451233142	791034.707359903	6.95770334547719e-05
100	4	0	1	-93886.06483767311	2829.271037059165	2364464.60747380	576919.915560331	3140.981153862224	9.703785019091697e-06
100	4	70	5	-27273.25012807791	578.8595806197474	127485.2744885181	135496.3537372560	944184.083372948	6.124732934268872e-05
100	5	0	1	-46905.80759059334	321.85725370553587	102966.7222668225	129604.456717311	529767.944817324	0.00011859971943857833
100	1	50	5	-18567.38520623832	363.8091038909204	86271.3559435455	84348.3664260735	626593.377927864	5.446757448181917e-05
100	5	70	5	-17454.739391581912	695.6744113020281	110218.4903234754	61449.6543180791	1186464.042109564	6.137082960168011e-05
100	1	70	1	-17261.424605561035	331.61959040999835	91458.1328343590	92420.149630496	568248.338116639	7.218417895322223e-05
100	4	90	1	-26365.065061671496	518.8946657812902	145839.6157617238	127041.7891161907	889685.359773342	6.172470638916471e-05
100	4	90	4	-26434.38920947198	438.56142388778875	131512.5831989061	151288.7853315294	752136.791180155	7.354352933330441e-05
100	2	0	1	-27603.469927458904	171.216454497818	137934.6044277723	115351.308032302	214773.6076462512	0.00023418643154720652
100	1	90	3	-16068.194622557108	225.54441121633369	118132.7474704217	95580.6870829569	362937.950606854	0.00011464571796845171
100	1	90	2	-15750.894510620763	342.59988087864707	95451.6315056504	96653.517212549	555746.741969249	9.705046728330529e-05
100	1	90	4	-15819.93116110374	271.51804612805455	106428.4412569973	93033.4578121366	466520.565802787	9.832393505610019e-05
100	1	90	5	-14457.331821747073	2346.6038230856107	1410.80248145559	1408.54630492078	40.8265439331173	9.765430079496435e-07
100	1	0	1	-49074.1810362801	315.4340737982865	151967.713716217	107109.1452581391	354375.3721534483	0.00018332209646969782
100	4	90	3	-26228.667780850486	609.038977241698	137501.4999035877	129111.0607570116	1028977.555383356	7.171433397047179e-05
100	3	10	5	-22237.559965600547	2653.7985410549063	18466.54209124512	17935.9127819223	35776.82670189912	1.7329857692666882e-05
50	5	70	1	-6284.37291880256	242.25401695481645	85428.9873616246	94625.0678513792	416251.002001438	5.3779919061222805e-05
200	1	10	5	-27961.67123070707	1180.5971543016283	29548.97568072513	3271.4042692788	2285.666826722169	3.153343138066697e-05
200	4	50	2	-28638.65739541272	362.9699922829697	84677.8169929555	65293.7309107916	542617.580849189	5.9640177276143104e-05
200	5	30	4	-30203.69274873248	676.1108400027081	54191.101578657	65074.3606030988	1154030.726489787	2.9082408842880673e-05
200	1	30	5	-23607.972502845216	479.091972209013	49728.9998334404	43409.7817520304	776607.134694898	4.258588587024678e-05
200	5	30	3	-30419.03861246579	971.2325951002971	51255.0229584382	71311.5364414879	530238.371300005	3.7936485775542456e-05
200	4	70	2	-24221.555971998197	2322.9718991527925	2210.8362497914	2151.802896729064	121.2045402588375	2.4493332735192783e-05
200	1	10	1	-28434.909765364508	318.6300247647527	34115.32269456451	35826.48383004533	531963.47078335	1.150262511223778e-05
200	4	10	2	-30672.22759310452	2396.256147828115	118.3857293156122	112.1352164763750	42.65928903527504	1.5423254435761462e-05
200	1	30	1	-23584.68483622068	1379.2388088661648	46807.32615370364	44275.82326877645	353940.3880468946	4.190869163942567e-05
200	5	70	2	-28250.982043521784	320.45110683919705	73821.6114271266	77230.7373900416	551544.547249570	7.372811870777523e-05
200	4	10	1	-37975.22677543429	881.1414889671114	49160.0687926866	47310.33615706344	1129059.064910657	7.602698986078573e-06
200	4	50	3	-28368.02429388728	357.3760872117288	75582.1395499676	71443.1397373995	593741.195668791	4.0618610524045046e-05
200	4	10	4	-37947.881962759886	5006.795781258725	32789.0848041077	40580.3732577449	289557.53224632	1.0940413692506189e-05
200	5	50	2	-29051.55953895269	430.2564183809948	67453.2229325218	69973.8627952980	685217.206359239	5.1100960245394445e-05
200	4	30	3	-29897.166772246906	1218.3916743231073	65436.8977566176	62745.8802590453	776341.830202575	3.0135662723685238e-05
200	4	10	5	-38276.35992855469	2250.3279500741137	49550.2238130468	47957.31330544814	1878711.236770028	7.779252799196987e-06
200	2	10	4	-46601.40554492143	6066.341000103022	40249.86742066117	53440.566330414	379939.0680151690	9.166504560330814e-06
200	1	30	2	-23594.867922346577	917.5347137636368	48347.3792921474	46957.4840344853	211822.217279833	3.943330390777186e-05
200	4	30	1	-30004.042120802016	470.55275453531686	70506.2931167804	61118.4522599715	642524.173497480	3.0154563622159096e-05
200	2	10	1	-46970.62085870709	483.7440655424215	60271.0491845758	62611.49995764583	769003.409841386	6.8125062935218505e-06
200	5	70	5	-28007.54202566381	559.9731765914285	64901.60836322670	79267.5867227531	962408.986324743	6.957688218736301e-05
200	4	30	5	-29928.696099283337	398.4410117806622	66879.1491761632	63926.1415947314	666670.086382752	3.062585264371114e-05
200	5	50	1	-29111.174942139438	721.0117145047369	63856.8161889826	73311.5495864905	627549.916753093	5.8303834518562646e-05
200	5	10	2	-39006.407531737765	314.267412358344	23040.14825233820	79725.0633305788	305893.075993484	1.6330162868387902e-05
200	1	10	2	-28868.8302920292	137.5856696819722	42758.42926959645	33978.9410574741	236597.6948544664	9.961454093766664e-06
200	5	30	5	-30299.733210268118	628.0408315621262	59480.7109993700	59045.9281500120	1025022.966446653	2.9859214598775368e-05
200	1	70	2	-19725.37650207816	1732.0902705153815	637.625631403688	617.710645863877	31.66218484526635	8.505967203451098e-08
200	4	50	1	-28362.05554030007	338.0094044735615	74279.0394080178	72633.1191984345	577997.226896361	3.874102512950515e-05
200	1	10	3	-30274.92332805588	753.448605519848	48638.40737813982	25035.285076584	464959.332020083	3.182801465778122e-05
200	5	50	5	-28911.436952139826	928.958342706988	61671.6895803462	71998.3690685608	897286.061058746	6.0223768036607995e-05
200	4	30	4	-30024.385234730973	335.4982831876745	70449.3723192916	63217.3128163300	562591.695852902	3.31974498509754e-05
200	3	90	4	-31210.828155628387	301.346817666607	100098.5318339138	91976.4487263223	517035.4253226933	5.53353915979213e-05
200	2	0	1	-83287.93029885845	415.8190966054716	202269.9910493873	91778.9644904423	506562.31775113	0.0001220835399855121
200	2	30	1	-36039.492812729455	302.5510467302687	83013.1088287879	90983.5640479599	512544.739635151	2.1743256062353326e-05
200	2	10	2	-47080.22374076203	1047.240972385514	58019.75120357545	62129.0865048809	1339368.766369827	6.658807327353282e-06
200	5	50	4	-28961.624877916216	731.4966299416608	60388.9099101753	74333.2601583171	1250606.54835146	4.7829393411467797e-05
200	4	50	4	-28238.740323999136	371.00665201191805	73219.3463069897	73225.7408577766	613816.038395866	4.4884555950051694e-05
200	4	90	2	-27056.014754179832	301.1801243849216	80242.2184187097	86947.847707671	518389.7101683224	6.338502020200386e-05
200	2	10	3	-46995.774371502244	360.3325462861925	66675.8229208017	61161.0197638076	538282.030661876	8.17033522206641e-06
200	1	70	4	-22213.523118512177	292.5359196817229	59752.175957675	57758.5094890421	488263.037401709	7.833757755986658e-05
200	5	10	1	-37161.811508453844	1370.2768144433521	45044.0942187963	42366.3368906758	2352063.18688991	1.6281266543690062e-05
200	1	30	4	-23581.329216420825	669.2747086075257	46131.8140495040	46699.8555955651	761850.590433622	4.1027589843616365e-05
200	1	50	2	-22845.570020163505	247.30166101640617	61873.5023604502	52303.3813471820	325613.618591984	6.216323797418336e-05
200	5	70	4	-27928.91818242075	649.1995771999561	64474.309056649	80448.9333591855	953567.512100698	6.80456742907315e-05
200	2	30	5	-35814.773419606645	431.13040802413127	84305.8555805800	80083.8799102262	724364.640908341	2.7631934139582815e-05
200	2	30	3	-37434.01739974034	225.96977328039821	96304.2421048254	92176.5145034315	346298.1030830650	3.884161324842055e-05
200	1	70	1	-22277.075375423196	272.06125277000604	55660.7805661406	61829.5518681528	461615.258035001	7.781357151616967e-05
200	5	10	4	-37223.619870743685	509.7080373249869	48775.82104313745	40046.81060449142	510016.3327327575	1.6746631433055353e-05
200	5	10	5	-39033.70013992761	302.5973355744487	58018.0805907134	34857.0425635290	476986.135739018	2.6441020821685823e-05
200	1	70	5	-22230.09978537173	317.76204929590415	63596.11597339406	59045.96628783581	322388.5303885310	7.986894053279107e-05
200	5	90	2	-27584.583187207645	347.8643717884226	83947.3430637702	73920.5231949015	577979.888924932	6.221477701775896e-05
200	5	50	3	-25894.101178710105	1977.0715220379138	21666.6470283906	18903.65276943121	1235.829417830398	2.8546762629269486e-05
200	2	10	5	-46615.9739188014	5176.1797932222435	35217.92032911486	44480.1262709353	210019.2821875850	1.0720413345906482e-05
200	2	30	4	-36043.65953716211	526.7268511288175	76909.1634785970	84179.5417679227	860091.861281562	1.7588079729021086e-05
200	4	90	3	-27134.191752013696	224.01315017653735	87118.9352517466	90984.4853059099	377807.624225825	6.082650895462006e-05
200	4	10	3	-50002.90391776259	442.8573533613437	117735.0263841825	26750.11325818829	123679.9952900182	4.2416458942859256e-05
200	5	30	2	-30116.264248631625	1135.7521315252654	52875.76752647503	65985.5194764227	1103304.354247334	2.7130883255298656e-05
200	4	90	1	-27150.484110987065	313.6014689779301	83493.8809308183	82049.1155190972	536370.258410509	6.140113925532151e-05
200	4	70	5	-27653.87314930278	315.98354535888615	80253.1184341427	77703.2288930691	542176.364808644	5.522030216355474e-05
200	1	10	4	-28565.488451038957	2306.467890284556	33234.9716481364	33501.81443778235	489467.640364031	1.24846092947796e-05
200	5	10	3	-36798.635941575856	664.7362293501188	42224.4612080903	45062.7231932916	594078.205424714	1.2489629967629825e-05
200	5	90	4	-27133.26778907967	473.9487261714159	66177.7517955450	88424.4452203544	787092.760811639	8.293239216513606e-05
200	1	90	1	-21564.966188763457	303.3118046272513	62031.8028793873	59848.20444751061	506486.9681579905	9.251927584467291e-05
200	5	30	1	-30296.779365860908	1643.0334903123753	49769.1985797719	69592.1362254201	2067983.396060400	2.3347737664026076e-05
200	1	50	4	-22792.224998106103	866.3674237544877	53544.9745057437	51127.4247394253	800060.628666379	6.613309373552379e-05
200	4	70	4	-24227.451809339917	2320.82463930133	2817.61275024791	2755.355427076883	155.229307636903	2.3967792118862096e-05
200	1	30	3	-23745.66280483837	479.76716818372523	45587.2268105034	50575.4818070946	414794.610753008	4.495014742460858e-05
200	1	90	3	-21616.421217944666	273.80956877823076	64684.31010757221	59292.5743834849	471309.742794345	9.165104213508812e-05
200	5	70	1	-29299.41879399578	283.6638781031993	62713.8142094881	108868.5622613852	323139.0367987510	8.619705941521239e-05
200	1	70	3	-22148.69312308244	193.5573133530557	67015.5121329758	56554.6432084566	329536.6441578039	8.404593231046902e-05
200	1	50	3	-22759.30241122301	338.9592134758297	53592.8036472725	53390.3537663166	577821.243127922	7.34415689253845e-05
200	1	90	2	-21605.572993102032	246.94160299321652	63688.06441569701	62094.525184917	419565.1034953369	9.272866970198562e-05
200	3	90	5	-31249.100650165237	434.410256745559	98686.0698078173	83097.0449854018	746230.48710612	6.857747746355765e-05
200	4	90	5	-27293.227575631397	337.30388990016024	88669.7734723907	76594.3779949414	572922.971642316	5.575338257238689e-05
200	3	90	3	-31304.020300391683	455.8183098435841	95249.9374569312	85395.3278703498	783906.341109409	5.7749540457394e-05
200	2	50	1	-33349.86665973318	632.6044926394552	97779.6788916106	78900.6226689289	1003956.268276873	6.010156696842266e-05
200	4	70	3	-27654.52980839119	349.80541472148207	79980.6625147377	77037.0963324062	575698.334660249	5.498440436141471e-05
200	4	70	1	-27629.255535789034	307.47653776782363	80335.8167343273	78853.7357970544	522372.0289808900	5.431065708253277e-05
200	1	90	5	-21765.699814060248	208.07403524315978	75977.0845292333	55331.8538853548	356476.928007015	0.00010025017407054614
200	1	50	5	-22698.38020647675	893.9807213599648	52992.74444519089	51153.7672266760	699710.254959509	6.479463070478305e-05
200	5	90	3	-27350.279733521373	560.3630826093106	72487.9876382068	80656.910246070	824079.474041458	8.362527143049544e-05
200	4	30	2	-29812.415400444646	945.0945112558688	65946.571787177	63338.8843637650	672270.150542440	2.984291685124053e-05
200	1	90	4	-21989.615015524178	172.50169168990266	68641.6769351941	66697.6179408390	297015.329847258	0.00011338738610423743
200	5	90	1	-27387.636824672238	467.6275038764549	60383.8037372023	98644.6803484394	727178.964876051	9.10288338702038e-05
200	1	0	1	-42793.15003605589	226.0299605737014	98867.1008124774	87135.5377912923	388883.545026893	0.00024559835903525793
200	1	50	1	-22753.669983528296	317.4647263274038	54503.1821116415	51971.8722894779	546013.566888880	5.8842622595366995e-05
200	4	50	5	-28942.83965685407	1561.7312076253613	84948.1618822871	56431.2831998674	1536212.802439166	3.0647550003270575e-05
200	2	30	2	-35641.34376557245	528.8601630392561	88967.9885991650	74810.24322922	780911.816269287	2.7257141662872205e-05
200	4	90	4	-27076.052385480372	305.6269296094326	88935.3593896550	78648.1907343254	523191.9491977418	5.9823272156912105e-05
200	5	90	5	-27282.382553474752	699.2491920276664	60895.3218175287	92469.8267983211	1049238.92600335	7.565655213094376e-05
200	5	70	3	-28411.86444150254	449.9155271711564	67369.8377331475	85999.7566686084	502737.361690425	8.227031390662272e-05
200	4	0	1	-64178.59804418812	270.78803737195403	120181.4616225919	118920.7721655014	465848.953019093	0.00013741607439017253
200	5	0	1	-60561.56645040879	275.29114132942686	94690.4626783216	180624.1354171866	311189.940455016	0.00021046699480660358
200	3	10	1	-44083.21666646323	950.2835673580588	63615.04152088699	43358.5271703478	648217.57082860	7.2003899958989975e-06
200	3	10	5	-45469.78869550964	210.0960193189942	87902.186983827	34868.87231803110	361639.0081888916	7.061638165857449e-06
