100	3	50	5	3.668461202830464	3.977246680831919	3.4014331411436953	-5.333187315780033	0.29398746222283956	0.06504672325866619	0.22761070919309037	1.3554095635274588	0.0010751317257187514	
100	1	10	4	3.2712330981805597	3.4867196711277337	3.308175690687877	-5.569171057450124	0.05761025554409851	0.09010907031761943	0.060671718651756586	0.4843484143743962	8.49775998936742e-06	
50	2	10	4	3.4621420057352585	3.3917096296864386	3.4545986806903697	-5.790022420679188	0.03163122719491064	0.023270894895753333	0.2038653658131714	0.643600224403957	4.969659032748532e-06	
50	3	10	1	3.4227883843667497	3.7132617331814295	3.6349313637171554	-5.696422040835291	0.07081544208429304	0.01210734361944443	0.11043573838492604	0.7875742206092614	1.0431164116678644e-05	
100	1	10	2	3.554163740277456	3.3269397883604834	3.6099609858195922	-4.836329197891587	0.020832794455326813	0.012300187202522687	0.4190456705500965	0.5748885917433987	1.0420398857842255e-05	
50	4	70	3	4.569033402581982	4.6926782547785155	4.247412207878335	-6.607312230256868	0.010300191826899984	0.01743962456845236	0.28399219914409074	0.2305304326987305	2.8951484525049464e-06	
200	1	30	2	3.4117122935686424	3.668469020082267	3.4318305732246555	-5.007071042483841	0.07164770189660354	0.07621494678558172	0.21568321328926954	0.4539057085153823	4.948913850266546e-06	
500	4	10	3	3.0885666729297006	3.1067892973777735	1.4565196648017145	-5.69389533406408	0.002281448182371331	0.0029660186919827267	0.0850316099312405	0.8420572622814713	6.453660602139898e-08	
100	4	10	3	3.081968901232821	3.8921503505250623	3.420740044378543	-6.327917546934148	0.11361919778343174	0.07280485379648077	0.1147594244798352	0.4557370974105839	5.450867342027373e-07	
500	4	30	2	3.2411391811268864	3.2619606044139586	2.7376890029285854	-5.974461264327622	0.002545157303449531	0.042204159956044825	0.24170171733527282	0.15379523914682755	2.1385278730427083e-07	
500	4	50	1	3.5136187401883374	3.3469276462936857	3.0760972177305743	-5.073112488095118	0.13548747600622293	0.031001420869324017	0.11101350512411896	0.545380277970133	9.128804394650716e-05	
50	4	70	4	4.402175204521097	4.629739381761376	4.0103844517701495	-5.638858188714581	0.007614171657136362	0.009706963482381042	0.09359692896527627	0.33177973554808854	1.114938551716418e-06	
50	5	90	5	4.626604684303911	4.693031841864342	3.6092030616137842	-4.568198977320631	0.02738659340870073	0.024371198338226655	1.5053617627985225	0.43062348304312786	8.006997351647432e-06	
10	1	30	1	4.894996717203705	4.7959112072258705	4.355088100949277	-5.855629582573592	0.017846870485306292	0.11135305994602807	0.12878126986103275	0.5647324856751565	2.7942049415802357e-06	
500	5	30	4	3.274439264255032	3.2975142565755635	2.8317431656656233	-4.553008252127467	0.027332093339164608	0.0077953096292325596	0.21847296405092864	0.6993841368946312	3.7240945973703384e-07	
100	5	10	5	3.2360261509835673	3.662243615040344	3.5152489187750517	-4.625560085952791	0.06468370313683014	0.04468426915701731	0.4171540711102252	1.1097313299131628	0.0001624783712804225	
200	3	30	1	3.7362770076066654	3.392296153381689	3.0464011766496104	-5.362418981935975	0.11074932353272819	0.09659622620444415	0.250416316423856	0.8477312277012654	2.3226320280111393e-05	
10	3	50	2	4.8831746305672095	4.480046989176134	2.664116245482836	-4.405647569325298	0.011237210927577233	0.019797879649790955	0.24612806522379313	0.9311817821281212	2.2905028431384076e-05	
50	4	10	1	3.5177117921183783	3.7591491272706428	4.092522337421175	-5.643004349140025	0.027817139985123366	0.026042052862995723	0.16128845862512428	0.6938189723317417	3.99981069188352e-06	
200	1	10	1	3.255041802486179	3.224756674422875	3.462822143876873	-5.4928542823060145	0.048770819745203337	0.02244475205981411	1.0037123001977688	0.5706790075962418	1.4192959217131979e-05	
200	2	10	5	3.4080968849215205	3.743268117666509	3.4831574453107503	-5.042352624037034	0.027552569863797925	0.13984361108369606	0.11851007060297049	0.5241812382445696	1.4371235613867445e-05	
200	3	90	1	4.404763715513948	3.5264832368487338	3.063775095384975	-5.910175544195356	0.016953479457576658	0.04674400692563653	0.36015416650479537	0.19235129293689998	2.0216436981430564e-05	
500	4	30	1	3.2050927467702395	3.2778885521868415	3.2854335844670004	-4.967139093317015	0.009028694451744958	0.015264151611900723	0.23053932534542415	0.9405935881811556	8.888250750199793e-06	
200	3	90	4	4.223240709038535	3.228561925729878	3.8103746053493035	-4.633761804665444	0.009174878217103994	0.01695053191159302	0.2981646279205082	1.3862031420659489	8.09041436085922e-06	
50	3	10	2	3.444187568690987	3.89417526167832	3.6726777630712593	-5.55085923653323	0.0500862448286137	0.007657517156040833	0.02581167086649727	0.8226483053907122	2.2397648556582852e-07	
10	5	30	5	5.240553352552519	3.5738751656559993	1.9609835483862557	-6.184465273616647	0.08096411529647518	0.34569955856569545	2.0988274817020165	2.19890172956028	0.00012761631297524651	
100	5	30	1	3.7498478974077454	3.7471067207316637	3.460535835045066	-5.286910250349217	0.06475082946989412	0.030080330197122532	0.16954164272243255	1.133841123810242	0.00015978237286309773	
10	1	10	5	4.580095322516459	4.050725686390894	4.370701240768071	-5.681419347591167	0.020435618726344505	0.24550938375191	0.12091262331541315	0.5084393721306877	0.00017453945768984986	
50	2	70	5	4.594547580446926	4.243093355927779	4.272378418842765	-5.010927490151973	0.0032652331816728354	0.020340175210483917	0.3292385599781354	0.38911519875659356	7.49086932282709e-06	
200	3	30	2	3.696305595512156	3.32902136241847	3.7905786943297395	-4.882095761872003	0.037786371146258636	0.024927933659396728	0.48952684526039775	0.7608438704489557	6.387139962342609e-05	
500	4	10	4	3.14818823473304	3.051933464215487	3.1287302296435797	-5.064541706633864	0.004020766930567096	0.004674248025059006	0.16255391380949796	0.5482860611733813	3.435664411982802e-07	
500	3	10	5	3.070623867930781	3.099153701348737	3.5025083617019703	-4.107369070022984	0.004400332588459379	0.008063964807284708	0.35542268198504223	0.23081316919241804	2.205793431444136e-06	
50	3	10	3	3.4688371672663436	3.576457012707853	3.5638951976087005	-5.514349211678705	0.044387642604095334	0.03613122705038711	0.24532719014059387	0.2924289186237765	9.052539904706526e-06	
50	4	50	1	4.122443523044941	4.248424356720335	3.690542008652517	-5.5167912326471455	0.11712016795269115	0.023165415356381093	0.38828568714968803	0.4662283525387678	0.000144764297619114	
50	4	70	2	4.48034838257424	4.740702022457375	4.263641130452931	-5.901316582125853	0.009541309844255871	0.04257937838299443	0.24278676785239087	0.8922896104832784	4.874606292442311e-05	
200	3	10	2	3.4304181549393076	3.1979325840710335	3.7407378773219646	-5.0321530871934455	0.04533058479876175	0.010092133136298613	0.47005910850410987	0.4592166112304813	2.7733586622784793e-05	
200	4	10	1	3.359088037133807	3.1842676601685223	3.381149676777454	-5.828509769664106	0.025283479600132525	0.08959757430725541	0.2147533425923638	2.216983370869848	5.444376450792197e-05	
500	4	30	4	3.2416290801999486	3.3702120083291383	3.285657767973181	-5.550699219572839	0.007707391985122961	0.01834121394485036	0.653465413988952	1.807346668267747	2.2513971866064398e-05	
50	4	50	2	3.8182904759958083	4.248318177035586	3.6970536056732364	-5.009240744820343	0.13247321682491764	0.05974045530574284	0.2413464994463176	1.7152958337710265	0.0015889322085279592	
100	4	30	3	3.8589303706858966	3.4154688026068354	2.851432591224051	-6.246664323417115	0.015923958809256792	0.028486359162911326	0.07417940968568491	0.5899355565575979	4.029959405580359e-06	
50	4	70	1	4.623913837274716	4.638493210519367	4.166510924405828	-5.9631857725746675	0.009219310106911072	0.0018418365624487756	0.3812520330347544	0.24512993119031679	1.21006835882391e-06	
200	1	10	4	3.2023726154827425	3.155874004414737	4.013590429207589	-4.7177006455439905	0.0027162422027870716	0.017046723736390216	0.48984459702176447	0.39121665300352815	5.1430554861632305e-06	
50	1	10	3	3.6851692814657016	3.5402277928286683	3.4815944224285844	-4.7830648398832745	0.02130923758676385	0.04277318241556278	0.016697313319581537	0.2068931740314611	3.709943315647566e-08	
200	5	10	3	3.448178090777303	3.346169140796855	3.9544806933287715	-5.094248468863394	0.05980082422592637	0.035856681149493655	0.3807865812863782	0.37625871666480026	4.177180617779544e-05	
10	5	10	2	4.645394347707282	3.993811979867255	4.369001450117162	-5.157410726054634	0.04253253933987895	0.13346401711167072	0.1754185847276072	0.5102945287656789	0.0001169980016520663	
500	1	50	2	3.1253895268421186	3.258082065898071	2.9743270022497863	-5.152597030959101	0.008965182656693178	0.06630949575412652	0.3067502293264177	1.6522353228373396	2.1173295041314532e-05	
200	1	10	2	3.2657196151107595	3.337890569694231	3.3694243436040106	-5.032724863340901	0.01751972677561778	0.04260137877338835	0.22272535291238618	0.9182982425180805	1.0780861126653503e-05	
50	2	10	5	3.6219635727121613	3.435015337269575	3.753801910995052	-4.918658075039673	0.008028671785462283	0.020083586164482976	0.025921049563339724	1.110381964111902	2.090155403165637e-06	
50	4	10	4	3.341299846112044	3.916338201103784	3.6636093607137927	-4.989669851747777	0.031746412307577784	0.03792745529231567	0.2363669444706425	0.6644462945427755	0.00010752587439350106	
50	1	70	2	4.687424846153833	4.5903789496371274	4.184569917787121	-5.161850619967604	0.0034498250341959682	0.005886889984601987	0.2130585638537792	0.7619029369518976	1.4066551103136853e-06	
200	4	10	3	3.1592138358556303	3.26635468803559	3.5096689367742746	-4.500123118693936	0.011186381062161063	0.032027572950271144	0.721702321672671	0.2926575495472934	9.902148202870633e-06	
50	2	90	5	4.69080260607511	4.541659555773365	2.9592068017992856	-5.3341852508812275	0.009249770569093122	0.025873538744310285	0.1302569660884046	1.4017692422179402	5.055933476268657e-06	
50	2	50	4	4.148383121724393	3.7997288591904357	3.9022734880571277	-4.697920441924924	0.03665551329854884	0.1255416885819216	0.17353149524541017	0.6130686637599765	0.00022591139561536943	
500	5	30	1	3.1179425019598876	3.331626313338871	2.735115503632828	-5.945395531500877	0.022490340664675694	0.016561941607294354	1.0045299588958345	0.44357289740184996	1.4468971263689542e-06	
200	4	10	4	3.7064999153438474	3.124940035729863	3.150863462155275	-5.0490409158432366	0.06804096570060666	0.0017170019466788927	0.12923760696209655	0.41508138260000516	9.880573637535194e-07	
500	1	30	1	3.045083686357377	3.342423341827735	2.914885593979929	-5.587708120665631	0.005757491268138297	0.019607801537911924	0.8726887630561779	1.6713418767286632	5.773027340995274e-06	
200	2	10	1	3.216005318405102	3.390804905320698	3.4535024950142725	-4.858603277846091	0.01140212443348983	0.005415202240106402	0.20933674160984322	1.2430962699746309	1.4861114487468364e-06	
50	1	10	1	3.559947443784935	3.5131626019461084	3.661466347762093	-5.989004640160477	0.04439664693223577	0.030868260094216202	0.05945983809043493	0.6152525758081627	9.373962573695152e-06	
50	1	10	2	3.6140814435861897	3.2660603415327736	4.095612752218747	-5.050381189540904	0.04795404851244583	0.04227054235677769	0.19803598067563769	0.06747212166966288	4.187445731063149e-06	
50	1	90	5	4.739082898816314	4.579182795210005	3.775737895513475	-4.883810127578018	0.019038483703948103	0.015019689231295315	0.27295505949901083	1.4872092481609398	1.1079108014881746e-05	
100	1	10	1	3.3415981283358986	3.3440674066716465	3.6450697909429834	-5.61620656144645	0.024602084735802974	0.02116658674088448	0.048268519763042375	0.10895117521207912	5.210694777983319e-08	
500	5	90	4	3.780153582160536	3.4151450034969133	3.6060404725968906	-4.596026691117403	0.08581986394176601	0.07065719935622711	0.6943483735391903	0.5553696288957748	0.00041031894281604394	
50	5	70	1	4.472356562068181	4.625750473055656	4.422477763873976	-4.804479670480475	0.00750975064921035	0.029058937799154274	0.24645237653005495	0.7927865564569826	2.007336545795664e-05	
50	3	50	4	4.251946081570707	4.130829018443111	3.7057348296767287	-4.837087071280936	0.1015693074078057	0.10475705494411508	0.2994263129632467	2.2461836854548842	0.0007674161421292244	
50	2	70	2	4.579811941298529	4.424098819179921	3.8009870383114963	-5.069348854990338	0.006777310411447609	0.014088214384114683	0.5311494649635846	1.492769307624445	3.8261759323876855e-06	
100	4	10	2	3.6264197094476245	3.5070791580108436	3.5945411484049057	-6.310580645711946	0.04027534141312306	0.023328417124073568	0.15985835858192698	0.32797702035449194	5.086524152003338e-06	
200	3	10	4	3.390899427820061	3.2906546052824743	2.8669463324328133	-5.152833873388679	0.014524600368298573	0.014463796690201787	0.2921072981220372	1.1290561086456914	6.034493536274463e-06	
50	1	90	4	4.7305349128848775	4.686130742698192	4.054492198468219	-6.268739871059599	0.0032101032834921293	0.005140386698420268	0.41348813506550214	0.3030563363733551	5.602670248412972e-07	
100	1	30	2	3.5801103062715574	3.889447538382572	3.8564609040251407	-6.142069387373711	0.06316053458498185	0.0023823596912104085	0.060463946657414176	0.547894499574059	2.514871092671974e-06	
10	2	90	5	4.746848011452297	4.6975493984578485	1.7125764231423029	-4.728203237210434	0.30191198365299593	0.18512927861715622	0.3080579716351016	2.0608358114357475	0.001545912121656185	
500	5	10	4	3.26979267991717	3.1468730194756276	3.5041771391844816	-6.000061881094075	0.026016186554282048	0.011127609469612299	0.08405182495994629	0.8475980189441782	8.263192052329659e-06	
500	5	30	3	3.2267154591615728	3.277054876159619	3.2688522075337403	-4.708096742847772	0.029611651771916388	0.029877592146899296	0.10908994995028147	1.1271650745070652	2.889011713039199e-05	
10	4	50	2	4.941033997714339	3.8122642985131954	1.7698440248275855	-5.686245625372134	0.02437376345034446	0.10243698173422555	0.4401904209584878	1.2209473820810175	6.668836411423736e-05	
100	1	90	3	4.208145184286168	3.9609278393711844	3.8767327203099806	-5.0291010539003675	0.07287254138091441	0.0341525285706251	0.5956369343030701	1.0003279141239547	0.0001688875907243664	
200	1	10	5	3.1577724513595915	3.403242696743823	3.2469282771704875	-4.922411662723724	0.06826276938465323	0.061943326016063116	0.13333860256307703	0.8393707273625269	1.4803514245717739e-05	
100	2	90	1	3.9784218865976184	4.410138225522109	2.7765923409839575	-5.570568717579698	0.2108164557090354	0.020177341708697987	0.6954215823036405	1.5563288645707625	0.0003072160828988948	
50	4	70	5	4.658928519235254	4.641993235363119	4.233600886769628	-5.589171766070498	0.007134605779290926	0.007266981413928408	0.2706736636747533	0.8640333189603882	5.118319396236322e-06	
50	5	70	2	4.608674051432251	4.641443539103596	3.6269631866586036	-5.093205886959801	0.0035492513971382895	0.010066993899441289	0.21667227089530394	1.3889932091845663	1.2377940860192418e-06	
10	3	10	4	3.924289733774016	4.489672786754616	3.8604597056409427	-5.81481789346823	0.08686681127611344	0.03510592328547437	0.4311405378580811	0.5409747340020652	0.00016460027181305607	
500	5	30	5	3.20781890323684	3.2415012610493084	3.0008623756114945	-5.598796532178229	0.010258005671753799	0.029436461388854033	0.05982914038050776	0.25419959465119335	1.0773759898136714e-06	
500	2	70	4	3.629735590356712	3.694225579265761	3.079661248537238	-5.369951414137399	0.05619774831749168	0.023122270545132658	0.320119499425807	0.14144698374478945	2.23359622047154e-06	
500	5	70	1	3.7904289278129006	3.431458197343614	3.1797735780526812	-4.923832656130988	0.07982387556001767	0.05064706280961717	0.20944585445856131	0.8991406943905189	0.00011604553302124806	
10	4	10	2	4.227235665655103	4.336540088467265	4.138838119356229	-6.047820209431509	0.06083659879828267	0.020990655849906892	0.1517463833561978	0.6161144647652661	3.0867618557920814e-05	
50	1	90	3	4.68522788371695	4.619679783029918	3.9196690060057304	-5.221369538414116	0.007363557067706615	0.00806082755958253	0.5352429576661074	1.0976607152567628	1.0690875920210568e-06	
10	2	70	3	5.240005184673963	4.493044455934046	2.692518220064417	-3.7686927790016735	0.049777751349630035	0.23434304030236405	0.4079541663758888	2.079201544674296	0.0006017497536690954	
50	1	70	5	4.560060464870611	4.714453801039761	4.1004907141667	-5.311331504287795	0.0027723204467379275	0.0168429059775247	0.33935899881204884	0.4952447165222796	1.3025153726712737e-06	
50	2	90	3	4.691089851271862	4.527892295477196	3.6401232329370368	-4.427139580406225	0.00767102347557166	0.007229467318179339	0.22358964533034592	0.7408614943459234	3.1951212764652936e-06	
50	4	90	4	4.709684699288671	4.735449559391493	3.9839151916106057	-6.100987321637967	0.008298471897111892	0.009344161413766214	0.35721111793456367	0.23666097253601448	3.956483275194981e-06	
500	1	10	5	3.164454209046093	3.2953944942845186	3.079043041935696	-4.925255767429369	0.03458655728753034	0.02725477915886251	0.01675175278831392	0.22274762088702837	3.614317618653987e-07	
50	2	90	2	4.763093248642748	4.45545858213817	3.23227028857145	-4.701056412594334	0.01664145632717663	0.04403180222210352	0.6544696430363447	0.5777913270991024	7.432923094000182e-06	
500	5	50	2	3.4330133129366214	3.6105602902452363	3.198670642965036	-4.799862106894944	0.03915273239164911	0.00801778973620694	0.4746925941528843	0.4367530074537067	1.1992968752565545e-06	
200	5	70	2	3.24099658484975	4.113159050138957	3.770255048429867	-4.274786661163575	0.00658280364281519	0.030855136751661308	0.1739358633441716	0.9084953386516684	3.980865353056035e-06	
100	5	10	2	3.5196508199393755	3.341902039282721	3.8070677062047977	-4.870492564562275	0.026319633989422286	0.14792169661007046	0.14857644030893724	0.5710145013851138	0.00010631271570601666	
100	5	70	4	3.550448142684697	4.212051693822991	4.085800979347294	-6.200808242217886	0.16875795181183767	0.01209287654620619	0.1392029415338028	0.9179292646261082	3.2582738292243124e-05	
100	3	50	3	3.770812086667565	4.03444135277637	3.971314353286981	-3.791301749829804	0.02613314699143183	0.03419923764927521	0.2916358751441857	0.1848097133079896	1.3604190396627752e-05	
10	4	30	5	4.585969664379137	4.474630042301157	3.3500557575121634	-5.106558157932519	0.03483301416640746	0.06350532478267129	0.3769730359649075	1.5372123281512666	0.00020348672602640616	
100	4	70	2	4.058418827869185	3.8148459799545953	3.9431414477866125	-5.086112090802552	0.03285594113439082	0.0500720312984086	0.5359489538263195	0.4160903065771894	0.00010915845313043855	
200	5	10	5	3.328100600182962	3.3929920996526395	3.71880131863291	-5.399890037496199	0.029509713161989134	0.012252801367467757	0.383502843309187	1.2182566470794836	1.928049186897903e-05	
10	1	30	5	4.78577669596142	4.853201912096012	4.645936574801805	-6.465656933541131	0.016937591648936587	0.02091700480685177	0.05471053597406025	0.2698794059793993	1.021005003543629e-06	
10	3	90	4	3.8437603535770855	4.811664239137817	2.0147571811970804	-5.329051182527123	0.7299062591113336	0.03511041022445192	0.6153360637474753	1.9177695812571132	0.00045744915184569765	
10	4	70	4	4.536425402895312	4.544701027783327	3.972030704643989	-3.973693759515091	0.13986674271437108	0.20248431287806073	2.9471725336760675	2.190029389341534	0.0004893729013708312	
500	1	30	4	3.4134971519243438	3.2016495377637497	3.386280090837955	-5.300316751190034	0.03662013913434017	0.01940838600533147	0.48255001797672903	0.9921686540024022	2.864590864653967e-05	
200	2	70	3	4.134660415631675	3.52693540339921	3.6978073396479596	-5.121384045845612	0.04659735875561928	0.0746516208942068	0.3903191570194308	0.9407412774103452	0.0011301723722036397	
50	2	10	1	3.705834423627458	3.2848401932700133	3.8525500853974006	-5.2741767551603225	0.02980994787970808	0.049087051154916995	0.08278414966618497	0.731716522288334	2.1293993348299783e-05	
100	3	70	2	3.5922851848793123	4.22213237207364	3.344439176703512	-5.149433573444092	0.09839389941004424	0.04285386199458962	0.45118729738298907	0.3786303876090417	0.00010925501102644641	
200	5	30	5	3.1913626562034167	3.757889138170417	3.7970137123352448	-5.652215300337709	0.012899253925573638	0.030933884060516743	0.05936704913608664	0.626641389746274	6.75806145316957e-06	
50	5	10	1	3.680416574935972	3.616100497433835	3.755118713229211	-5.6626253585150055	0.04854850769155651	0.019695661088618116	0.043665643514668236	0.31622076666372695	2.416728536959392e-07	
100	1	10	5	3.456823174152575	3.428994603194699	3.9146227890418013	-5.1492722353925995	0.050642967056332276	0.03619226449522268	0.4887865184400821	1.0653301178027579	2.885695795855555e-05	
200	5	10	4	3.192255062103528	3.4405002174214707	4.113925863440527	-4.366216148155528	0.024581649939308073	0.02344090173535437	0.2711955657066818	0.05913284142381836	1.8184360256555812e-06	
50	2	70	1	4.680406828852361	4.322847408871175	4.040867709886506	-5.458074807768419	0.0025388400407278184	0.015429235434577655	0.06988198485523846	0.7409558659784014	1.4419361521501344e-06	
100	5	10	3	3.427845504037589	3.262651470738626	3.565822686557702	-4.939987960414999	0.06939447689620983	0.014230368458987383	0.3980945054011404	0.5222109842017084	4.778120135211472e-06	
50	2	90	4	4.619847187404517	4.558254102606666	3.4202877637683717	-5.534208679119257	0.00889162181699401	0.02310364578266811	0.21072785798822483	0.93081664087566	1.3811993224526691e-05	
100	5	70	2	3.7512072478756306	4.158376555085245	3.6526979688769234	-5.210998941965374	0.10082232239746947	0.026129776817383668	0.26306233204347584	0.17060503015772072	1.1155286287212992e-05	
500	3	50	4	3.204817990450739	3.761535750288601	4.527048361213667	-3.965369604186985	0.1594887066520535	0.15436140674693066	0.9048824278402536	0.3654237736200425	2.672247744523579e-05	
50	3	70	3	4.504685880340303	4.702400120848035	4.013013478482877	-5.330415740628714	0.021062320798425762	0.01077237658796717	0.19823980592839308	0.8943666024363665	3.3543899878557045e-07	
200	1	90	1	4.023006235064397	3.4525265518025634	4.1633259923854835	-5.019831465646103	0.030864429979261115	0.10048782107552277	0.2835160084271348	0.39794179806260355	3.985499388153645e-05	
10	2	50	2	4.588351377259047	4.910380270145412	2.775207337816368	-4.718882779625033	0.3845413758719325	0.18945853940661733	1.8931248923670838	1.58243037243297	0.027707365405681673	
100	4	10	4	3.172356790392476	3.7504764442924277	4.2813700790241285	-4.21410442592575	0.013092618251859842	0.014520573486770978	0.10837144577610429	0.04518339545159652	9.744602643098855e-08	
50	2	10	3	3.636903458027943	3.292288986793724	3.862672127549745	-6.3130429970771225	0.025272213215837447	0.016776262130442608	0.04421124679503467	0.7808786200292981	7.896444417653114e-07	
500	1	50	1	3.4836718765577563	3.456247472222274	3.7938768030543537	-5.106040189980202	0.045496280901212806	0.006665480876654821	0.16335191802984517	1.1190215209277692	3.712662880484763e-06	
500	2	50	2	3.1599230163527747	3.515245777231689	3.4050608172222505	-4.936803214130237	0.009807079789254387	0.020385422303225445	0.30423655071175376	1.2274472297620083	7.59050546339454e-06	
50	2	30	4	4.188994906156158	3.6651099642941642	3.3610065110867464	-5.66593596680135	0.0038705013621989914	0.1378671054417853	0.1322718899827099	1.8348289497350267	2.1265922172506814e-05	
200	4	10	2	3.496625684776385	3.2354057689180076	3.331361689104289	-5.488587292211305	0.03601427981863632	0.015334091634355377	0.5621537083523415	0.7698110740884889	1.277348009406795e-06	
500	4	10	5	3.578037553842893	3.261381211833004	4.13702446370123	-4.406233228581268	0.10041541374021563	0.029233332330918127	0.6258516032929677	0.2406722545867471	7.764736610407574e-06	
50	3	10	4	3.189429819004122	3.9865360361580615	3.7164777125452493	-6.027012533037207	0.045737669645070166	0.0183941736326012	0.04875087201833391	0.08929232627675197	2.2425883065857088e-07	
50	4	10	3	3.8070906191444096	3.7463645235281935	3.7840450309632816	-6.1763841202095735	0.13347855200033854	0.03981553098285235	0.013147519700561307	0.07159581325084678	3.500983777526334e-07	
50	2	70	4	4.570401086372943	4.375416516862616	4.565636252092435	-4.888089439384465	0.009737517126271113	0.013783573724626505	0.12001243475873766	0.6305498354058334	2.0927702100917792e-06	
10	5	90	5	4.921240110419922	4.010849864523803	2.571421211353006	-5.286910766642276	0.15467534802629393	0.5132075081966481	0.590616463311015	0.6137461209237954	0.0021617407376061967	
50	4	30	3	3.8332864827998026	3.777173766458968	3.4079914348519775	-4.496320960945873	0.026330129599510047	0.14562032100538017	0.36802248433099055	1.5374344811188165	0.00011383136520224078	
500	5	70	5	3.408587351674938	3.718677590251114	3.7043080099520203	-5.504240964112919	0.08442192392081328	0.0730461606090437	0.467939252001531	1.602021891520697	0.0010863222375665238	
10	1	0	1	4.70775098315783	4.636161441090431	4.320119230211993	-4.9530113581617	0.11241444135081805	0.05962836852156694	0.12542274584737137	0.4342955827142717	9.988231049800093e-05	
10	5	50	2	5.047095373798792	4.15412252111776	2.8289211372653673	-4.680588861953488	0.02854524464745887	0.22066958491103114	0.7276469480773019	0.7087559154186212	0.00011396493547952775	
200	1	50	1	3.41875881029263	3.7816582721233956	4.3316698333786725	-4.858987144062411	0.1366290833455663	0.08125329070316026	0.5051898111059951	0.8327179102073824	0.0005090234768298388	
10	1	50	3	4.641965939443834	4.9578145061983685	4.393929234427676	-5.8178960372854664	0.037611284818448804	0.019606223473473523	0.21901304430106286	0.420967720660038	3.3074793242321196e-05	
200	5	50	1	3.3563751326194664	4.006205690375817	3.9133997067463184	-6.024685690150124	0.018860724877248495	0.0036407440751971792	0.1295424251038235	0.8866127696185377	2.022802033724283e-07	
500	1	30	3	3.1491738270473517	3.3212559097943735	3.1823729335527933	-5.295099795136942	0.008956114579236448	0.012182518316443434	0.17265816869009334	0.3693612005738985	2.308716909758652e-06	
500	2	10	2	3.1637995435202146	3.232485664687588	3.4926193196194557	-5.518624840014736	0.004269728702358298	0.003201319233687122	0.0876639892821443	0.6002575804077512	3.5481247449543117e-07	
50	5	70	3	4.497932787226885	4.659746424816743	3.8006692679656053	-6.479927403701003	0.006135256224340318	0.006224249168195479	0.10137116497756608	0.19690788375023216	1.1172273303888336e-07	
200	1	70	5	3.8322773572149114	3.8061160359152457	3.4109514064808266	-5.720040140470889	0.0702610988677207	0.024671109448737377	0.09731598830716974	1.037521227678634	2.174483271572726e-05	
500	4	90	2	3.5175758713357013	3.740683340921832	3.677681235632835	-4.172488613800186	0.07350211069160846	0.09420706534133783	0.9075641054585265	1.8272800833478418	0.001303880263839715	
100	5	90	2	3.978071002038845	4.335292933137113	4.458955463611842	-5.086289867538178	0.03224976518822109	0.03776210996967798	0.3065095825632856	0.8522094344548395	2.624460864106155e-05	
200	5	30	1	3.253917887870475	3.751950852211222	3.2992743895385965	-4.759818178427244	0.016197580440761212	0.03159036380929886	0.4086056201087015	0.7482465286341261	6.17105733706762e-05	
10	5	10	3	4.483719162422264	4.0694720945730785	4.170012267680363	-5.1661348400373175	0.041208204061019445	0.13565309116403204	0.19097876833368013	0.4710179904324591	9.613979039064647e-05	
500	1	70	4	3.5502299365869314	3.571680644764795	2.755395350950685	-4.93060043730532	0.0809473163057523	0.01687475934909269	0.03640574485645171	1.5983935393253337	1.546943302806642e-05	
500	4	50	5	3.2588807479493567	3.348663179150934	3.2897858414187624	-5.037445819447351	0.04789954185013883	0.09602900471111314	1.0793611719114806	0.5773194533412265	5.648762193800543e-05	
50	2	70	3	4.626214841495385	4.462537592182839	3.881439515817419	-4.987349640041458	0.014891479132562042	0.013887392119797875	0.11254386299695188	0.27206765280709666	5.254830779277829e-07	
500	2	10	3	3.135795546889684	3.6665467738161355	3.6192476361788706	-4.813925945719675	0.006936203046354989	0.04116526022366679	0.044797494833848414	0.0959533877733104	2.0643435634368063e-07	
50	4	90	3	4.693277966928208	4.691287189549212	3.7319370986534364	-6.167273475980141	0.005891487224500099	0.005255779180658556	0.060260053787194436	0.7477499356229831	4.2906170355026277e-07	
200	5	70	5	3.427269269014293	4.157180547204965	3.551313790879175	-4.781655724442967	0.048838069848796774	0.027175218889077896	0.2182592074502331	0.5438339530364354	3.6336298979142346e-05	
500	5	10	5	3.4635380950095658	3.2016964534785393	3.006741807808731	-4.770686181316783	0.00884548585790036	0.04123849593109103	0.04383413537122877	0.15822024936506496	3.2018539425210594e-07	
500	5	10	3	3.1357883176720387	3.1636413386092435	3.4722515267716894	-4.356228096238573	0.013072588258226134	0.010541443408713156	0.4489570338840615	0.08754265118792738	1.1920639630435233e-06	
500	3	10	3	3.2047461434921223	3.2040407960085338	3.7153782642998996	-3.936571928946791	0.012760899585743788	0.0037348170354008134	0.47162940282645327	0.18926643781274172	6.588040241300391e-07	
500	3	50	3	3.3992625730824586	3.50689531758886	3.4988748741226097	-4.236145986982726	0.0387125624575552	0.06383531497943218	0.11980279215091061	1.0736567198599887	6.493701307840113e-05	
10	1	70	2	4.311785245454041	5.137035218659292	4.098155677386169	-5.876406057886049	0.42493660778457865	0.05327910194680822	1.0467648343197862	0.17727709668622244	0.00047414918572939344	
500	1	70	1	3.3888724502114824	3.7682624048454745	3.2087343992888426	-4.448594192064336	0.020577278653809643	0.06175987988074568	0.5017712079670932	0.5908093016931427	0.00022021457335823002	
100	1	90	2	4.371459130535148	4.378397611770947	3.658325233565546	-5.32587323532614	0.06920149197265492	0.024597967393981575	0.12668091101380985	0.13605734006001624	1.588776779961167e-06	
200	2	50	3	3.883361844154507	3.5241560980698337	3.9667514687738867	-4.499778720080026	0.011199601063101862	0.04455586519586167	0.6927765993241248	0.13629497450592515	2.161561110376117e-06	
200	2	30	4	3.6058332644862188	3.437632308743988	3.574445740958972	-5.064445036197367	0.12223880413355298	0.014232886854066288	0.31725073058010494	0.8049358933825889	2.1870577793216618e-05	
50	1	30	5	4.2968353094180785	4.112302146603641	3.772973013598635	-6.501233200215333	0.018661906844417413	0.025829822809688388	0.1607182017164297	0.6505232325248211	9.513621244966221e-07	
200	5	30	3	3.452812143418727	3.721305272095017	3.7245232044463363	-4.927325448487366	0.09923350748545913	0.03852931057168915	0.2653934379046392	0.716117562394454	0.00016471931676101493	
50	3	30	3	3.8503797080680706	4.1432235907268495	3.795697329003382	-5.910567308245497	0.08660938645776685	0.012826658453142546	0.2545746925923619	0.7508982941493216	8.798907892821999e-05	
100	1	10	3	3.597781185641511	3.472905941339827	3.6416807592706983	-5.331490203268775	0.03877035565974374	0.056796656107805946	0.17653137815719844	0.3525555029261866	1.8748408154610157e-05	
50	1	10	5	3.7556861749781953	3.3714717072032085	3.9365346515902653	-5.616235149373843	0.019708093784288828	0.03792874751818476	0.11351590545970806	0.40965525356182797	1.6360689568478293e-06	
10	1	70	3	4.397018068837018	5.1571581998766955	3.873829951413834	-6.1267625311754	0.14427596348859348	0.03877011729264473	0.3644787605194461	0.3102908254161488	2.752481923404581e-05	
10	5	50	3	4.341209838934139	4.824980595936336	3.3257025281866905	-4.994122599470714	0.12736370251499568	0.019458898086099245	0.7990484031377106	1.1439536707963713	4.095747958946385e-06	
50	2	10	2	3.8444522325879174	3.2529441561692005	3.7853923362503017	-4.812971430796228	0.02406482090880347	0.007240799727469742	0.08479645295144032	0.24374045788118756	4.582026352334518e-07	
50	3	50	2	3.991910353234916	4.298630160345028	3.8075657279336967	-4.711359021951001	0.17698753637665268	0.007481697395248655	0.3603111927651772	0.5360726164490588	2.9943653539686142e-05	
50	1	70	3	4.542472849715308	4.596718445298586	4.075823498154218	-6.471482221611265	0.01171343208092028	0.0031214848435786847	0.07033558037608072	0.1482453164492821	6.288895604675933e-08	
100	4	70	5	4.282476127583999	3.994292654037554	3.2122901479192043	-4.938206048165439	0.04856761065815848	0.1547659338088385	0.9447187164568975	1.2699339104781406	0.0019391767070898853	
100	4	30	1	3.877719728064972	3.5651107190988753	3.5666032003278243	-4.949296001895751	0.04841168955653679	0.020379894402606364	0.6502584645567927	0.5745461355474468	7.038393948483971e-06	
50	1	10	4	3.6894275554510374	3.447226412431288	3.6851733061042453	-5.284361176219051	0.03930659852173146	0.09075350225827407	0.08780163937013297	0.7582806190410292	5.9490461953723377e-05	
50	3	30	4	3.9627253155303843	4.151412103839189	3.9935825230656	-4.9821884626900275	0.05226331312389345	0.04032412806322561	0.24075837731995478	0.34276078071396987	5.8571845979392976e-05	
200	1	90	4	3.861208147790826	3.6469546936484885	3.50700458796537	-5.413575592658915	0.0378511118146693	0.09121166025988187	0.22347967139863234	0.9367683978464882	0.0001939432560899083	
200	2	30	5	3.232673998102715	3.6512643027618124	3.169799872574473	-5.012825368374386	0.02588960845460878	0.028756032034156692	0.6246024779465028	0.6208661550467085	3.394138449396689e-05	
100	4	30	2	3.8129448174233382	3.7045842580150783	3.946185865187756	-5.54591055112381	0.09339375035833283	0.025244105234720506	0.16836095516819202	0.9644209531681358	0.00015779435588764214	
500	2	90	1	3.947685301708554	3.4553962109728054	3.889245732327444	-4.575339063039118	0.12233829650792367	0.13100221824539185	0.7372955793743987	0.5320828732308069	0.0001481903342416719	
200	5	10	1	3.2167216509999275	3.567479748720169	3.667362327374346	-4.786663556522847	0.023131287623764936	0.019958949007162725	0.33128565809087507	0.31149141225597904	3.052465089236535e-05	
500	3	10	4	3.3040128504984745	3.098144914139795	3.0769521807712934	-5.847383020065528	0.03561898672280809	0.004123076233254929	0.1834436408143159	0.32115164421496	1.685792855641873e-06	
200	3	70	5	4.078585624206079	3.545571371680183	3.637106051325105	-3.949688184849614	0.013116735657300142	0.07449666735292569	0.371930476348822	0.29216373411079555	1.7216084353002955e-05	
500	2	50	3	3.4598710822614134	3.534866555089388	3.3227832627348275	-5.974642593415913	0.022800334922886044	0.03838478738102188	0.09573667630078266	1.3856974176641466	3.2785935702265655e-05	
10	2	30	2	4.553786337257879	4.6930548503279965	1.57948155463488	-5.073814156608169	0.5384934046796078	0.5712690117821411	0.4082696983363331	2.24767063692614	0.05541709691328755	
50	3	50	5	3.7356921817227247	4.690340171070959	3.2192336944792443	-5.569842295025296	0.2332926149681105	0.11489142218861724	0.27522849136774014	0.6628463057588713	3.5785382649378366e-06	
500	3	90	3	3.3299903072193384	3.864555226413262	3.8609239861413354	-4.8061525528727	0.07298232725049747	0.09316693574344874	0.3919804687088324	0.805357917081218	0.0014307166529626044	
10	1	10	4	4.733258159200755	3.779443175521625	4.6941339726979425	-5.354071909249413	0.01806571598979159	0.2502983724145483	0.12171092968111971	0.5999596684085269	6.4170196158078215e-06	
10	2	30	4	4.907138665188303	4.284750208446838	2.0048273809611645	-4.995224927753825	0.6603371961579624	0.32962317103952743	0.2474702793932685	1.0448193377943262	0.0003207399017485457	
50	1	30	4	3.991455069752728	4.052481531675826	4.228521727059952	-4.845158791974277	0.023994658057542355	0.0613257350655791	0.21471733270313564	0.50117736790844	4.336651089421759e-06	
10	4	90	4	4.529995917803784	4.794635431217573	2.612308688158208	-4.2653702604105606	0.03621231233714245	0.026906068409106042	0.8171952141673291	0.6709818956828774	3.620746842033454e-05	
10	1	10	2	4.741837588708275	4.400674316843991	4.584144086922046	-5.762656831980692	0.01372595603749335	0.008172446409891329	0.02178145524520767	0.1813822484480105	2.231869504303848e-07	
500	5	0	1	4.984945465815186	4.905255286090899	3.519016571418958	-5.597346766097891	0.0026108492704946234	0.02010602145647468	0.3584398481283104	1.3411424188577412	2.0170128820750622e-06	
500	5	10	1	3.2453680459024086	3.231009463696221	3.5984180838854507	-4.33876167502034	0.0079761751742124	0.02308068005612868	0.15437290292073488	0.8813801887530907	5.203143852180305e-07	
50	4	50	5	4.247849416058458	4.331614000289172	3.6133554842349476	-5.752360323882155	0.06840714203034923	0.008601742926496587	0.3962049050794428	0.5256130857825857	2.467195201305592e-06	
500	2	0	1	4.867989800504908	4.706187887733797	3.8679781795441492	-5.145473968920313	0.002134806304190451	0.05030712294257561	0.3420806678576123	0.6518709083918429	1.0231411181878821e-05	
200	1	70	1	3.923761614352695	3.9264196337227317	3.404762160116247	-5.139672843403447	0.054908250146595616	0.049517690692583834	0.8096134361385938	0.5787685205387426	9.331464078988506e-06	
100	1	30	1	3.6810821171250674	4.0088312517247235	3.837283387616517	-4.733197981379941	0.02661054877755824	0.031492256317220316	0.2796238633818874	0.22763691335906058	1.176981611124361e-05	
10	1	50	4	4.7302017351232095	4.917796336923748	4.29278375411702	-5.839456462121593	0.05835763789611378	0.06425172870256504	0.13155174078520201	0.7297659672224068	9.154843285072511e-05	
100	3	70	5	4.02316429133145	4.148827300324595	3.3068157132345997	-5.257707819417667	0.1866755976776004	0.028803393476172577	0.6350149911893497	0.9046452757821419	0.00013395454818488321	
500	1	0	1	4.8567274612992595	4.871775944654989	3.4599342003419924	-4.423068055939544	0.009355423455665923	0.003309013536047376	0.08933975031084004	1.827755315774329	1.164069659030487e-06	
10	4	50	4	4.858833340832518	4.227708644405559	2.5041973621814564	-5.532228621570338	0.07222972151220579	0.16636119956111123	0.9536440527968517	0.17628880241967154	0.00021516789749112517	
10	1	10	3	4.696557096961541	4.346430820180047	4.842889279313585	-6.201118351218835	0.007575404466575947	0.05488254236421206	0.013702036701176083	0.2147507864550974	2.781027370720593e-07	
500	1	70	5	3.3442232485813337	3.7717777277541686	3.196365236418324	-5.021626161632468	0.046196196192788495	0.0641449620951301	0.7088679156537939	2.470197696907782	0.0004179724312232215	
500	3	10	1	3.150031922203926	3.1383510764239895	2.865682141178242	-5.30388085149863	0.013589679132378149	0.023199696109853903	0.26134695915957956	0.8618914883612359	3.1017072446118334e-06	
200	2	90	4	4.053039468653373	3.799966164736595	3.03306342639886	-5.772448925960015	0.014919419071249907	0.06767984542299627	0.05081488306942534	1.063922685156596	9.824138965153801e-06	
10	5	70	2	4.960836107012471	4.323792720390297	2.5490550058981847	-4.732881455512537	0.091508998920816	0.3039758814183763	0.8520240354004074	0.6139824554065706	0.004289956028001769	
200	3	10	3	3.638605450806522	3.1334228171087295	3.973809736182651	-4.226949095533341	0.0336799165837474	0.004400908978869453	0.6341716580356672	2.59594135406412	4.4835908833177125e-06	
10	1	30	4	4.889165424591148	4.871995842239398	4.7165866234617955	-6.160037045423546	0.0357537644650814	0.016144175002312106	0.050471497791533315	0.40076020203965157	1.2004340184254053e-06	
100	3	90	5	4.246988125797305	4.124379927391728	4.096053084935894	-5.567015364083305	0.035637337101143356	0.041421071623082305	0.3192521116790971	0.4433588404634396	0.00012317164931952243	
200	4	30	2	3.6890054637603553	3.1255503528225415	3.664838958397506	-4.127698693494609	0.1087667240736012	0.012251676405079152	0.7120444819922872	0.7031922369105229	5.487232155851475e-05	
500	4	90	5	3.2271513167768315	3.977234890161486	3.178889716740813	-4.841608166021012	0.12342340666185078	0.22713774406283846	0.6659791725905009	4.269880366212378	0.00031355914426541356	
50	4	30	1	4.212179879871367	4.164711558733121	3.8512940840238303	-5.771997593738618	0.03708230389393656	0.005675891980177538	0.09366056468346058	0.36745409753840613	3.4922071996641803e-06	
200	4	30	1	3.425834205871232	3.390754135905804	3.7132112959543946	-5.856752955524835	0.10212185062413899	0.04604763929990546	0.14432713380650924	1.889167610497256	0.000111716233373155	
200	2	50	2	3.759943666539393	3.442824517756851	3.7721526185794794	-4.86807774283976	0.04976432329600766	0.1236942278914463	0.18092954992315782	0.4134690862588939	0.00011204348324228177	
50	4	90	1	4.6824697888399545	4.683407090824975	3.8790691726919087	-5.113969506549435	0.0011683886516251725	0.0050219300830977864	0.18109952298705517	0.37562511011170285	4.588302549596982e-08	
500	4	10	1	3.371216060405572	3.5899703904160245	4.396456670371532	-4.301473189746953	0.04352920244008339	0.02499536857858928	0.7421659513812778	1.136116174562622	3.182467796610314e-06	
500	2	10	5	3.2805838766571482	3.3892829082305553	3.2402710833682997	-5.59252183102756	0.0171525636657264	0.009203261912462273	0.3317136234090268	0.6928738117737605	9.104918031229889e-06	
10	5	10	1	4.350781972876582	4.049590005616465	4.374650566697738	-5.994387712211729	0.00537890878173038	0.02970925372895836	0.33784535053722003	0.14311220688073548	4.048816874037686e-06	
500	2	10	4	3.3116440338923114	3.633878201016736	3.5768063623150015	-5.378388914059033	0.017159678836181573	0.019261515463089025	0.1447732426392474	0.7967566104100404	1.1107166342150317e-05	
10	5	50	1	4.969588317670094	3.9994530274945923	2.518832090854666	-4.317103555397975	0.011140713254866692	0.4015046207959861	0.5331688536286655	1.2354662226256994	0.00046969645552323976	
200	3	50	5	4.066315506246647	3.7997095167667365	4.172605031060962	-5.366019913068176	0.01840413261331782	0.05633344964955111	0.1431171030359852	1.4785079102941048	4.357270503931544e-05	
10	1	70	4	4.786701972473572	4.870243691898288	4.537417854435173	-6.762961809313985	0.020481909392169016	0.015895347769517933	0.05751516785582979	0.1465224645264879	6.628814152623155e-08	
500	2	90	4	3.4811055413126044	3.476569187501903	3.8182776765509394	-4.762723833724705	0.1363023169458284	0.0947884803236565	0.5785214763653469	1.6478963090723162	0.00020266396799966684	
10	5	30	1	4.756902358732855	4.385431478957069	2.423140786899024	-4.822805089965824	0.03928275347505377	0.051229530412585565	0.1765677259660745	0.8732811054823908	1.4835420933980552e-05	
500	1	10	2	3.2260081483273426	3.190710287164315	3.7857714842937153	-5.165425633180475	0.013298038096182936	0.007315437673747734	0.2969322537365524	0.47832561187071243	4.067546814779449e-07	
200	5	70	3	3.525416047701621	4.070921133375232	4.008461970152072	-4.42206652312358	0.06025360188349932	0.020032740782218863	0.25015089955264075	0.28346500255127527	4.535809757573762e-06	
200	4	50	5	3.9242152499706653	3.3440512611810536	3.759579655400679	-5.351413155169033	0.00845911996237371	0.02457735746550131	0.23648835206755364	0.46470948915380317	7.626069920289459e-06	
50	3	70	5	4.5033644699966375	4.743618787251372	3.636301203712596	-5.274662792669862	0.008629065380597796	0.003550098813176185	0.09900473655080513	0.23820038467535146	9.687799388949973e-08	
200	4	70	4	4.057727862276482	3.537454799657155	3.114203339518415	-4.796928505822671	0.048430126458336185	0.08164531377177282	0.9777030616644957	0.8966800502964156	0.0006273698000457149	
50	5	50	1	4.270751366516887	4.376121177398164	3.6588391764881045	-5.558296175635065	0.013733348804302046	0.02210879946273668	0.3434879685152474	1.682920902820687	1.8773098586809694e-05	
100	4	0	1	5.130346383747276	4.3299948687798615	1.7502401172288868	-4.748420769536111	0.14731523163496718	0.29989289329279156	0.41022776696198293	1.1957018024546642	0.004135836253284712	
10	3	30	2	4.286119773344521	4.856801993464866	2.539469517202703	-5.472434547455715	0.09681241848278394	0.027656519597495235	0.4331422605640637	1.0694050642551374	5.3954686082422725e-05	
50	3	50	3	4.365138801071822	4.286930551494114	3.8424031448006812	-4.903563492098734	0.042002339147607794	0.05092651685263235	0.4001437658399346	0.6600939674423653	0.0001668127102107808	
500	5	50	3	3.177795630828498	3.4494198645835303	3.4613410704298833	-5.094837098616053	0.009483723922045321	0.0326195930800056	0.05892861029112771	0.23459522433865582	8.844398166523362e-07	
200	2	10	2	3.5538160645776005	3.4936847037729706	3.6045755627712817	-5.24583622525626	0.039372707395302596	0.045713722605666154	0.6887117160278734	0.7000242481926781	8.302029105231494e-06	
500	3	70	2	3.3510276127488368	3.6970655916398285	3.940940756396937	-5.954406699357521	0.08694724162350616	0.0873309407450477	0.8315979167977803	0.25655324204056756	3.2729105399119294e-05	
10	3	10	2	4.229846013530804	4.366115501803773	4.167490899602231	-6.550174051306885	0.014824342483501297	0.007496370023802314	0.1051974973703848	0.40433705309878315	2.99183537472567e-07	
50	5	30	4	4.036919749967066	4.158515664141017	4.127892618536254	-5.782076079362563	0.042311593861022116	0.015502272573666459	0.13522313597649613	0.6950586835322751	6.583593325102774e-06	
50	3	90	5	4.743470528967461	4.749847040752318	3.388532825707477	-5.708369658532412	0.026551480654424243	0.004525955630927854	0.11415040055777582	0.6576359741708194	1.327304163347863e-06	
10	1	90	4	3.25158175372365	5.06525433487323	2.490064778736514	-4.424290178665758	0.7663084356746067	0.028138862074881518	1.3712014522163223	1.4888148095338758	3.107527619585748e-05	
200	5	50	5	3.358560088392432	4.0571748926881215	3.5517149430032053	-5.385440512417673	0.034117838963957786	0.014030387924392776	0.43679533537654075	0.2862622650718559	1.4838299171641974e-05	
200	3	90	3	4.184057892662657	3.498906451379668	4.207502576812583	-5.074280398140514	0.045399988286032825	0.32611058464674286	0.41477176187377846	1.245007612108485	5.842944909580843e-05	
50	4	10	2	3.43319826136881	3.8565456917905627	4.077530341973468	-5.4991799657400655	0.04791349554714728	0.043745636885708344	0.292997223063208	0.2880549304470479	7.083078109203705e-05	
200	3	50	1	3.923354195683638	3.454716393665227	3.593210631655457	-5.690489738389087	0.008258830409162374	0.05358858674267863	0.08623145546510753	0.33513229989836907	6.60309909030657e-07	
50	3	70	1	4.542358526006244	4.69848586490978	4.002094455055257	-5.9244798747717216	0.01740714113955439	0.005546579586675789	0.2411867864681965	0.5684820326366281	4.2743911275353436e-07	
500	3	30	1	3.2439074248920736	3.300381771976031	3.2912731389915586	-4.3757461948403105	0.018001654547008698	0.015503888298817374	0.2997261317856164	0.5614404551220529	1.050152485292019e-06	
50	3	30	5	4.194655835066938	4.260733749564443	4.137965823470643	-5.431684058216241	0.06375176661484587	0.019439801575083532	0.08536288400945265	0.9237324399647002	1.247882498997622e-05	
500	5	70	4	3.564831281510632	3.40526671974267	3.785475493279841	-4.646913572728725	0.14166601998029388	0.020569757563071955	1.1262062728622473	0.18656469743600437	0.00022781893114481476	
10	1	90	2	4.669907470580659	4.946698729391084	4.227566866456979	-5.833525276968706	0.028952205654197063	0.07898461388019558	0.09696273953180856	0.2353191445362659	1.3397574719648356e-05	
200	2	50	4	3.873981453672011	3.455786940979924	3.8164371791574108	-4.1409792327189665	0.05512811891972282	0.05217665204222613	0.6977064696172217	0.26926701395204206	7.3558308999422025e-06	
10	3	10	3	4.267936536117652	4.376756324914766	4.238364812504749	-5.83422041656291	0.0697863415165876	0.03425997241912537	0.19846890867178846	0.27333392258847616	1.2079824325234737e-05	
200	3	10	5	3.3530850001838117	3.393738729546174	3.212380385821939	-5.58066045508611	0.01824341684533483	0.03497233664448718	0.12639664404574877	0.3552805041742973	2.1459583353410193e-06	
200	5	30	2	3.4249466824698103	3.659993286463449	3.3302416264343546	-5.7903213425152575	0.06779302354077532	0.048319250299525184	0.3001483958822423	1.8431531359566746	0.00013922255566780646	
100	3	90	3	4.0436881839281185	4.38266299009483	3.7137090157672534	-5.346309514856642	0.013750767298031092	0.05218682421859001	0.5246807691031493	0.5354321452781025	8.450168866509418e-06	
50	5	10	2	3.682348425873585	3.8713821066495107	3.699915727164828	-4.4663323226555764	0.06050690949743251	0.004572921897340494	0.21498539995526134	0.09192738190792014	1.3478954054483788e-06	
10	1	50	5	4.730536205983814	4.948251776114526	4.61779484081082	-5.752290561690052	0.08003136700158517	0.033939697518363066	0.08071336756945023	0.2030031385399243	1.1081257705109308e-05	
200	3	70	3	4.175105455368788	3.3132180578713575	4.032462197352044	-4.819511879663619	0.01996682317124584	0.061088629992876675	0.2592085781222254	0.4171277403803594	1.2748629585258163e-05	
50	5	90	4	4.552004869453364	4.793905204527122	3.5931534516494574	-4.38947814967125	0.02641559747336225	0.005505062835426556	0.4470452398949734	0.6580489557019069	2.3190402806220256e-06	
10	3	30	3	4.8132924424515915	4.380747283763417	2.734555448777122	-3.503818574573626	0.1835887934779903	0.12415851607300384	0.8514476847732676	2.188745958295934	0.00046623234891649223	
500	3	50	1	3.3458044300134677	3.481636242256961	3.0493429408070982	-4.927495663746276	0.04073983559190677	0.03192658637903058	0.414377350794253	0.6200902692165087	2.1621927885557003e-05	
200	4	90	1	4.0591510250099	3.640743830906283	3.964460027990026	-5.047049928723427	0.04127873157480367	0.05514851013220066	0.48091604887038947	1.6790625732581632	0.000832376078293971	
50	5	10	4	3.185611594306319	3.910091233066513	3.691358826716937	-5.067035091088348	0.004011047857996263	0.02085701144194621	0.13786728493262612	0.6557345190226769	4.3992156874003115e-07	
500	2	30	4	3.231737971536011	3.5128372291187877	3.186621896598876	-5.623440358738551	0.07945991934330215	0.16338134688219394	0.21324728258101866	1.5353620971634672	7.809289939978074e-05	
10	4	50	1	4.992941650307853	4.296203983250772	2.1107534123882137	-4.692168254305893	0.02542128627185807	0.13127184562403799	0.14929068113339694	1.298081967593153	0.00031138932407176603	
10	2	10	4	4.011322050980226	4.681205294406289	3.1023029854444406	-5.034099634645783	0.273743385389854	0.06440640248963667	0.29621486977124245	0.6145064435533054	0.0007366822850890066	
500	1	30	5	3.0779638848253312	3.3170526163274276	3.3402996258996294	-5.113464192916238	0.008736200862852622	0.02208863100149576	0.14383844927544326	1.4797524828931903	1.0135832561696678e-05	
500	5	70	2	3.425794684752512	3.5490240932089385	3.372121791394454	-5.467059135714694	0.06191895674727939	0.02632148536296867	0.630778574267446	0.9725269362012413	0.00010721437779026569	
50	2	90	1	4.738666023033774	4.551844206640968	3.6840158761378587	-4.875711091412311	0.0026113047366214267	0.006922620228616792	0.34106145655002806	0.29447125114420114	1.1528960011458277e-06	
500	5	90	5	3.524650022944548	3.596059007534034	3.1801088106270203	-4.920835802518701	0.11744775485536003	0.10867984050590954	0.6429004994805737	0.8910741217541596	0.0009806107983133295	
50	4	50	3	4.283857854439857	4.470877205425195	3.789922324070806	-6.124810008341375	0.04108481027338854	0.022604785747798575	0.3717970706025217	0.34737553652165537	6.1016091196877164e-05	
100	3	90	4	4.244142651866869	3.9173151845180647	3.0531480746407427	-4.334849402915733	0.0278687121253822	0.051932776048619546	0.07474008012829367	0.09392337303614069	5.142156531464398e-07	
200	2	50	5	3.7252397568791453	3.514818308244622	3.392283329333726	-5.6439402975921364	0.08079158639617591	0.061312798471394314	0.5186175539411779	1.4112425721418833	0.0003290482209465671	
500	3	90	5	3.335407442991628	3.8863033428263436	3.4633435778724153	-5.411281864654401	0.0372140135369155	0.06868319048442144	0.23987119165578777	1.3004689950664277	7.163903348706828e-05	
200	1	30	3	3.4736405791783205	3.6576448436263713	3.9452033576725722	-5.4722584418686955	0.07470468439204002	0.011831198996487576	0.41992833134664465	0.5410745674808385	1.981877724821676e-05	
50	3	90	3	4.58972705229955	4.899309578905967	3.31020838390506	-6.092903307858135	0.01056766988719511	0.03639826673369008	0.12786370855959137	0.576984389318474	1.9017464238324984e-07	
10	2	10	3	4.386464885598684	4.65291224316448	4.056389936634481	-6.300599421457578	0.028968592572033124	0.02516975927742794	0.07875045287938354	0.29309447383370096	1.182023773816041e-05	
10	2	90	2	5.062331546822478	4.51511457104308	2.184827624010853	-4.969533916686329	0.038948071293685355	0.29235384422162175	0.38485722615676377	0.7187726953929485	0.0008397367133292209	
10	4	50	5	4.433801139670797	4.371023506174142	1.850473653912949	-4.576768700065339	0.2922530047180296	0.5690164255104218	0.27590481538949857	0.9429614329291451	0.0047390177424846336	
50	5	50	5	4.261802281749276	4.11009157393392	3.829183635851833	-5.689730089034824	0.0251771893353613	0.045768318148513815	0.2343674407859209	1.413281210886944	0.000145226169390384	
10	5	90	2	5.028581343021442	4.586382847484014	2.4741913719207593	-5.869683897631677	0.12478151321906043	0.5179733512519459	0.16341600976539455	0.13792035725050658	7.263851213196915e-05	
200	2	10	4	3.2905947752134797	3.5362647891018018	3.611179780513656	-4.489817811229799	0.02700994341838683	0.08736702714763751	0.06766560018013512	0.12966724981463587	1.8062032097822452e-06	
500	3	0	1	4.891320615409954	4.79648500238145	3.0782317481712544	-5.623432739667174	0.01510193401525221	0.003467085930015343	0.108687381145762	0.10337541887270563	2.0145560463953674e-07	
10	5	10	5	4.5372207528520505	4.189148182577248	3.8132674053023647	-5.617899673738471	0.01674571822152502	0.04487364434900437	0.4939168209736272	0.41476052830940424	1.6251014394142464e-05	
200	4	90	5	3.755464742808863	3.9056568019270084	3.0192933386710723	-5.6427217247052575	0.17453636032515085	0.15786513331105384	1.0764976511938642	1.1806231251351975	0.00019312417428358128	
500	3	10	2	3.1634252081491465	3.4027776632833686	4.146268305486169	-4.9108672806449665	0.014046047933368156	0.055078709891520965	0.2454657349006906	1.4650233674781716	2.015677325983593e-05	
50	3	10	5	3.482234999703671	3.8623598990661296	3.6516319352836737	-5.872673337024134	0.012613874601734664	0.0470436361306628	0.06361033888675174	0.21205021107706762	4.001755124417563e-06	
100	1	70	3	4.1611876396476415	3.9870500534392503	3.7241436584412657	-6.2113599287572985	0.027153735948542177	0.051602388688417385	0.15603690392709815	0.27870335747789743	2.324625729826444e-05	
50	3	70	4	4.517738281280762	4.706536229162006	4.116183794394937	-5.908255600202467	0.006561146986168681	0.004618002325972717	0.18533563602493955	0.71286469677772	2.067077933420095e-06	
10	5	50	4	4.862623027120603	4.3774281263689385	2.260859182052749	-5.380614600705402	0.09785303943529129	0.27876912858535674	0.7958486016711339	1.1122638314914826	0.003662929794290912	
500	2	90	2	3.649924865525454	3.560195852892726	2.5113366052639963	-4.879882769658657	0.04516592732567735	0.13001375418362138	0.25112852705119676	0.10291422524214644	2.851482582982311e-05	
10	2	70	2	4.306063243514044	4.8920526369736255	1.7086562692318181	-4.008126542999561	0.9501857579573258	0.17148204182832844	0.27639348955850424	1.051878752604804	0.004907755003862936	
50	1	70	1	4.66818894407937	4.578141043200851	4.116689004423558	-5.606597657396166	0.007049900262619526	0.00241029668404094	0.2575071975000224	0.5850564862940472	3.5503839415365864e-07	
200	3	90	5	4.164495802812041	3.5440724318059362	3.7177597844830337	-5.624055911081011	0.014019216350015136	0.05056396213258754	0.5004063056576722	2.105111007250058	0.00012933028222188937	
500	1	30	2	3.2138825067198784	3.4468896455389566	3.9435166261369266	-4.306613258067531	0.023596118939447356	0.017720643428082494	0.48489308668775155	0.7882210373188726	5.3602184642780996e-06	
200	2	70	5	4.032805660323741	3.679442510204618	4.130050458993019	-4.438976818404719	0.02006003487930521	0.0312817578340105	0.1974518236678621	0.3179058387692514	2.0793756905003974e-05	
100	1	0	1	4.615042165638868	4.557417474703364	2.026594503733585	-5.813959925367251	0.11363105947285305	0.24169176227129724	1.5804522012062003	1.4971468402747123	0.0019275853951746806	
500	4	10	2	3.225992939496571	3.4457059340325378	3.6616811401079525	-5.318719310006011	0.009852447240121845	0.031949158323887755	0.2235535423905476	1.398631214890978	2.3878881769704752e-05	
50	3	30	1	3.96266681223206	4.102857049503901	4.109732035746204	-4.758080097059626	0.011093559425467234	0.027679322033832218	0.5154660573314352	0.5135034909877086	1.6822560925732134e-06	
100	4	70	4	4.239313796121527	4.010230812466867	3.892955794154866	-5.742319614455958	0.027692272004529814	0.07654005110477861	0.29124970276559564	0.3688703455642296	2.7015720027661783e-05	
200	2	10	3	3.2936979837304885	3.670238924904185	3.4263728606671915	-5.745860732731297	0.01831707752027804	0.10558480383013663	0.37803336075019167	0.3936709904937743	2.374594370984145e-05	
500	5	90	1	3.8166055819373237	3.1106514506944336	2.862903463683965	-5.355320497901823	0.009472927550658188	0.05634941384418269	1.0522034692854454	0.909838338055422	6.655049208453767e-05	
500	2	30	2	3.2522474833929165	3.3367180291361755	3.2363337175722218	-4.6544939745041205	0.008390717278984475	0.06467766737234601	0.03883669923913041	0.8150536093346807	2.114465275311632e-06	
100	1	50	2	3.8114208891273997	3.9892877716269233	3.730366727889264	-5.358588558198058	0.06477172107745113	0.03809425545326827	0.44273471379650076	1.0392740389987958	1.0942695276320878e-05	
50	2	50	2	4.015004449513618	3.9750536285751448	4.423620138302069	-4.11267033968952	0.03305470400652552	0.04155290975896761	0.6319442343496613	0.08111215490023403	2.8577314403161194e-06	
10	4	10	4	4.191166452214237	4.343775868474668	4.26844784074245	-5.751544981906325	0.039975473788805164	0.0484404978407565	0.09792923258678263	0.9475115853981378	3.683673675250378e-05	
10	1	30	3	4.883621311168253	4.831176841858064	4.581319249172307	-6.261704239366166	0.006015386594946919	0.007591446795584507	0.05081107509430241	0.45250445069043826	3.314830508387717e-07	
200	5	90	5	3.749502921790969	4.173904010653172	3.5055568043139496	-5.536893234357145	0.038354648726634695	0.011302775627952658	0.10480375352071751	0.8978192412906284	2.1125926792682533e-06	
500	5	50	4	3.221047230343977	3.471575602209339	3.287196017151982	-4.770447739133178	0.017887441594449324	0.013830348452309852	0.3324341571097712	1.7647761451819632	2.1191103613698985e-05	
200	4	50	1	3.7765439840783386	3.2682329665600767	3.2326158715210314	-4.782944111950268	0.09429403893186918	0.16316938730520117	0.33174265800491537	1.0972398028157229	4.394675987243682e-05	
500	1	70	2	3.435186346608864	3.559102345458478	3.4725211158769707	-4.211858796462318	0.0699565880060348	0.08287465193399977	1.4167803782450994	0.56686219608627	0.0004337880532891433	
50	2	30	5	4.088066014941085	3.9611801057336327	3.9561505873125165	-5.730137462844353	0.03399201197990597	0.06765187677063252	0.2648494301821924	0.2918442236304029	1.4157831366419218e-05	
100	1	50	1	4.021060696415719	4.205246476576872	3.626833150180051	-6.402801494003515	0.06322048013665575	0.019886547865884348	0.10328506793480778	0.441833641141918	7.375147091439141e-06	
10	2	90	4	4.466729428987583	4.993993821017017	1.7068227389524424	-4.131467803129064	0.35137252939250235	0.2195429670992253	0.41554541529898686	1.2914980067765842	0.0023941234475179803	
100	1	70	1	4.092715040089965	4.305786148134862	4.047208336164609	-5.811348683904223	0.011529060340074785	0.0178920734486278	0.15673135530924182	0.5120389284167599	8.758721863167953e-06	
100	2	70	5	4.163239796743512	4.3201910801029655	3.1534623721958868	-5.787265688762365	0.05647308737579762	0.08792221963012707	0.26260363692012156	0.6447574739270349	5.910625405381894e-06	
10	4	70	5	4.684600833317948	4.1215538008473205	2.0882670888615826	-4.723217787634199	0.3000130072887812	0.29707566613100267	0.07052782713766696	1.1181571529885599	0.0007313754025123728	
200	3	90	2	4.100504117569494	3.905980904296615	3.685814711947205	-5.454173945983195	0.04507569051904223	0.03765000387486006	0.40524904483868557	1.2714771409779442	1.864926667357873e-05	
100	1	70	5	4.11260031433653	4.043094281426756	3.908639548981943	-6.098730048845536	0.014292564113138548	0.023253911150554144	0.3796038655717038	0.8965327278348687	1.8436169964575463e-06	
500	2	30	3	3.0952095414805285	3.5080563114501997	2.768768529828561	-5.016629901861699	0.0037674837154482873	0.011591724766639971	0.29554047648734333	1.7654267679744908	2.2060017400108692e-06	
500	5	50	1	3.3994558338855314	3.422751258766244	3.537892512596885	-6.69369085984453	0.008629670976419288	0.03248772932498539	0.27900835904137294	0.669418073898012	1.0750971841237758e-05	
500	4	30	3	3.1612347962772485	3.2441419830400497	3.1536253001769965	-4.965055095807289	0.009576189406493501	0.0177282160462752	0.3467806076792728	0.4202808124766473	1.2165909689884857e-05	
50	2	30	1	3.882766513239447	3.924169404692206	3.442070426801677	-5.613137220867765	0.055639468908977446	0.08928176047237732	0.28560570734811913	0.8895525029443809	0.00013913280629780612	
10	2	50	1	4.85760206168229	5.027449042157994	2.265586076234988	-4.282268601714874	0.03112180102263855	0.017508476590834408	0.13327412841912042	2.457746480905523	4.903423802672704e-05	
50	2	30	3	4.160306400588677	3.7542419636139353	3.646754689865279	-6.629923932267727	0.008774499955573343	0.10443462959883225	0.13692911913504663	0.1955625508084961	6.261971753455448e-06	
100	5	10	1	3.43322468197884	3.5698898174049467	3.7924788208095763	-5.35101804201095	0.06373650866672963	0.09356742187039067	0.06161291740133478	0.304194555731624	4.432831383523044e-05	
10	5	30	3	4.9564285717856835	4.267188423134546	3.0309488159491194	-4.373968130580267	0.020440435624380793	0.33296830801320865	0.9140239258363586	0.34446489586779916	5.641960185622362e-05	
10	4	50	3	5.025164030305524	4.281763567381005	2.594253292397929	-6.2992721353601	0.04008044160422831	0.10931088707411364	0.6075065078344906	1.5438307050347253	3.065566931461816e-05	
50	1	50	5	4.138305888983319	4.425559489263106	4.175834075753498	-4.519413244889047	0.03291571031162571	0.009124349298672455	0.7812926588883244	0.7870127561982776	2.4123096849165812e-05	
500	3	30	4	3.0985124564225823	3.2467373812120366	4.157507815639601	-4.224913355941531	0.013411209702333234	0.017491991926183236	0.25464375422013363	0.6674843387737496	4.687036192697044e-07	
200	2	70	1	3.6559861221923686	3.865465593589819	4.034615779682274	-4.002094792688464	0.04280962922379305	0.06829560219859351	0.1445053939356174	0.08478351155748673	5.218915317647453e-06	
100	3	70	4	4.190026768527321	4.165680657404056	3.696672936469808	-5.377375877043769	0.046919780737157135	0.04035898284707782	0.4428771260112007	0.3739898469147968	1.2860390504670867e-05	
100	1	30	5	3.3448691082718605	4.008950165682783	3.5321744896083858	-5.334762545044006	0.10996696824466899	0.014072250709177923	0.18033891459319126	0.29635941712452446	4.765968655552192e-06	
500	1	90	2	3.038480961557305	3.546386627219449	3.421021621196694	-4.284071921435462	0.05880311930956565	0.029682228558995234	0.448042534376937	0.36044928542221694	2.0536378887754248e-05	
10	5	70	1	5.047424474281035	3.925823416636398	2.553053483844011	-4.306546789134944	0.20423349607619454	0.8827864238150855	1.0023772953689685	1.298941061266364	0.0006119370707398401	
10	4	70	2	5.000957079552968	3.954871655444721	2.241509813443019	-5.1311181756047315	0.07896738041436414	0.2046937792141072	0.737996729076042	0.468179602365359	0.0003389624513991803	
500	1	50	4	3.284817252377596	3.5348282102465194	2.9184068862319212	-5.0765799765736555	0.06107938552468865	0.015458261984898974	0.31088113720172283	1.4203382296578715	0.000173772114949751	
50	4	90	2	4.735132259717321	4.771829979200003	4.172456713575749	-5.204203284445115	0.005101816373716273	0.0026313967556063633	0.07706033369448964	0.22863217760385707	9.474758008803354e-08	
500	3	30	2	3.1716746564866263	3.4776985886720553	3.4423536894207407	-4.364698039109695	0.028814947658208762	0.008169332243780148	0.4881167166811749	0.3863519842960245	1.8807036921975053e-06	
50	4	30	4	4.13704695173578	4.185282290320984	3.847603295010561	-5.345433011359095	0.03557210695105219	0.03227130316483647	0.043754272287722225	0.9496871386012607	1.567712854767211e-06	
50	1	50	2	4.024955798982918	4.231480855165699	3.7190673455448113	-5.022438934091569	0.14600279153021248	0.058005935265432816	0.28818254932290566	1.5197985668398997	0.00028569146048851995	
50	4	90	5	4.744618828044917	4.793914069742882	4.018911335807461	-4.90758863581004	0.007053213010038383	0.007782414345830607	0.06956616212175365	0.6371184480163987	5.051988022607454e-07	
200	3	30	4	3.7338541010118544	3.1212787114383818	3.838900643913681	-4.77570789703264	0.021437377380386844	0.017642843134877573	0.2973490569216047	0.3635941528833399	2.3760095505326553e-06	
100	1	70	2	4.28403929527463	4.007965842690349	3.6685208455837293	-5.902943782914791	0.030451604009766677	0.039070887856749024	0.2836564399598448	0.6452088450703867	8.548050427432461e-06	
500	3	30	3	3.2055012752688676	3.219874923995352	3.1528239102629727	-3.8157169066013368	0.0370298854984593	0.01777301369339238	0.19267300795507034	0.11923770761681418	4.2771738977123e-06	
100	3	70	1	4.102841172644221	4.119520172023165	4.019400019375779	-4.7684104306763535	0.019339687457452837	0.03860721441584107	0.16220297779413625	0.2904861881759156	2.5313067705317237e-05	
50	2	50	3	3.8556889315775966	4.356659315879878	3.173698667843488	-5.779652909952117	0.07464585952766506	0.02548389962152052	0.5504540908192448	0.470044842698522	1.2246947674865987e-06	
200	2	70	2	3.4782589953884386	4.049893998646963	3.230480004588027	-5.051670170380979	0.03372304863345567	0.012170509439341974	0.18502033963086031	0.549905157473597	5.520958155132219e-06	
50	5	50	3	3.7640722650476928	4.41567617711463	3.6881732833132577	-6.075274912419532	0.18873995604157512	0.030762141009723933	0.7174291246827628	0.5748347245928123	3.61340317117677e-05	
100	5	50	5	3.8778652097439053	4.134106362850143	3.463141550799303	-5.642097720624913	0.028433755067782566	0.03843288672961339	0.6596764913871986	0.9739306570543648	0.00027183982432501304	
500	1	90	3	3.131526349471545	4.111442056720231	2.682427248333808	-3.8420219449485087	0.07636631836779355	0.029014812072107262	0.3883450359277735	1.3887877889883475	2.0396695054755388e-05	
50	5	50	2	4.170192228362557	4.152139346602512	3.3045568978459694	-5.647781287705948	0.07086894310962824	0.012450992066200825	0.5972121509049422	0.6719423376833789	4.36377371467746e-06	
50	5	30	2	3.824650435965297	3.964489933311559	3.82818490843305	-4.970993725255031	0.06411063686492768	0.04417795509708643	0.17614387599032238	0.33572476550838526	1.3465637283127691e-05	
100	5	10	4	3.7440042489856915	3.5605300006104748	3.832002290603675	-4.980169804238845	0.04199901752855701	0.06323799504565598	0.18897666536960475	0.27336114495653063	5.5289899443987225e-05	
50	1	50	4	4.234245181216222	4.162929153404543	3.489355719013859	-6.518464264225259	0.16266893282134637	0.04123181609315191	0.26837999411664043	0.6235596184182927	7.448193675095299e-05	
100	4	90	2	4.377574428434348	3.834040863006396	1.6633552596911163	-4.174436989459599	0.10705373875846394	0.09819063849453152	3.3415259566653575	0.388440103267345	1.9757508300888133e-05	
200	2	90	2	3.9096701851035642	3.921452560302552	3.6213601742879784	-4.965711052167114	0.0567740242303871	0.03183450140161582	0.30609566982855174	0.9160771866993053	1.7622154942523586e-05	
500	1	10	3	3.3767015146931683	3.1203952889459767	3.072853593101804	-5.355618359408706	0.02750364814585254	0.014474670478004215	0.10451985806118626	1.3410581959450416	1.470991366491114e-05	
100	3	50	2	3.7523448702384035	3.94267809095476	3.539890813611094	-5.7989441835039965	0.00736195728125863	0.007252985312281474	0.009178357003519289	0.20890326831118108	8.838236258795717e-09	
10	1	90	1	4.347562477652591	5.034847608343533	4.1497139046437175	-5.543469499529938	0.24264268135272615	0.012513567488041756	0.37700621077760094	1.8826088349955314	4.885939723239985e-06	
10	4	10	3	4.441640767264842	4.114865935121918	3.8332437995411044	-5.64104960320325	0.11745937000659953	0.07205495919269142	0.12699777376379937	0.12434669094502043	3.2445296535966096e-05	
50	1	50	1	4.317607546574672	4.143690153757084	3.5311978156820927	-4.939431188858281	0.038322244332525617	0.11927082003683706	0.5401992571876143	1.668640141055537	0.0002447306921643778	
200	3	70	4	4.1241310574737815	3.7219025219687203	3.611376225429884	-5.391829275019615	0.010815465823444758	0.0856481115260283	0.5095783230991029	1.3961810561506083	8.245207285111013e-05	
100	1	50	4	3.8407260402930246	3.9746938652054618	3.498664691434125	-5.526612726079929	0.026800306854578293	0.009827980649764253	0.5351318339088176	0.6278952916647149	5.543015728511827e-06	
100	1	90	1	4.141361491551794	4.199009199471476	3.7199940626382095	-4.249601387514979	0.044142457868892336	0.03676028510706596	0.6445507126312302	0.1853637889299433	1.4299514161379605e-05	
500	1	90	4	3.525431717330897	3.8380817798414384	3.2875439945534266	-5.891785926966064	0.03487627874855512	0.009493969127363222	0.6063772950841956	1.4355838140036095	2.3059690196831322e-05	
10	1	90	3	4.7476862832067805	5.038531376277103	4.517223840088973	-5.735744633080364	0.04009612615502949	0.02905325901741361	0.07184791499466954	0.4250750561748048	3.1264270466174255e-06	
50	5	30	5	4.106256047726654	4.466171269271884	3.934315466477841	-4.8728726637704955	0.03544216420728607	0.05325676857417962	0.4580779021707097	1.1525524151621924	3.504552001932928e-05	
50	1	30	3	4.1558669822652625	3.952257521139474	3.645214631835298	-5.629457252152407	0.02566233175677207	0.057570049353730175	0.2937258969288548	0.4318534742210598	4.766909543062127e-05	
10	3	50	4	4.925188057022585	4.374070817882527	2.8275074449963618	-5.128823846056526	0.06693850330339116	0.19615080616598773	0.2454602485269181	1.241965795785082	6.548267357830898e-05	
50	1	90	1	4.7128094624663825	4.669776686155426	4.09473072601359	-5.093946313164364	0.004661476401827201	0.0015755826727137504	0.13395746955680293	0.33785090902508036	9.319418926929812e-08	
50	2	50	5	4.068860670428588	3.884615201586285	3.176575443038819	-5.974530091874151	0.07488893097320329	0.10746225101007514	0.5151097611129086	0.33515451734432417	4.2171531659044595e-05	
100	1	50	5	3.906296151918789	3.902756489831676	3.3788374929453284	-5.855823612266834	0.07434056834893288	0.03474137293616792	0.18653227557200683	0.9307002424543648	1.067940100535442e-05	
500	2	70	2	3.657435584560562	3.4811499606050695	3.6596069369757993	-4.394813929226861	0.10992017108960311	0.0689469936800935	0.8773640497134122	1.044131012431565	0.0001217514103725491	
50	5	10	5	4.048945391102386	3.4342543222583717	4.222333015341759	-4.729518721804851	0.17063674286161745	0.2352847578796576	0.26968063341537285	0.14697692204199747	3.081352733023192e-05	
100	5	30	3	3.930712475193575	3.8751944536673593	3.9650181075013284	-5.797257903239702	0.07813245841373272	0.002025619597009715	0.18652694682928242	0.6632833122996328	2.088742766923398e-06	
500	2	50	5	3.6907689903956045	3.4767788992975492	2.835281889528602	-4.969951270214284	0.0889004478183007	0.04884928897266796	0.4060300306673146	0.511961078367792	3.713454410941422e-05	
10	5	90	4	4.306028697304111	4.669117720942573	1.7314790487647729	-4.815657674431486	0.5568547900147274	0.23517038851091077	0.613405396274227	1.099370486543055	0.00991008613909229	
500	4	70	3	3.3834392676909704	3.544975658370043	2.7493123251613802	-4.766261836521439	0.0644217456115905	0.08111277036643663	0.5237202173998096	0.40747882714673683	9.540059179597994e-05	
500	4	70	4	3.394460049168844	3.580572466424989	3.526107583469779	-5.1831502926565065	0.08746838415239654	0.04405627369632074	0.21870373013298694	1.3233513251981182	0.0001826042585079046	
50	2	30	2	4.110390204605265	4.002724919080493	3.9661386772384297	-5.629452596248212	0.02599240713008137	0.1161032657276504	0.11366911816101778	0.8149817229578455	2.9539518667625507e-05	
10	3	90	2	4.6442761683270355	4.621251281408582	3.2489050745381785	-4.138220670773199	0.09428633264848643	0.018784536586641434	0.8949487230012529	1.0389527886820955	6.0031441721033464e-05	
200	5	50	3	3.453361049028821	4.003099941868901	3.8388790908730117	-4.493987664587449	0.06955126342268261	0.046501688097645044	0.21433995261440741	0.941389840637947	0.00021662113321188498	
50	5	70	4	4.64166394509765	4.717813732224339	3.7918801834606866	-4.983350892554553	0.0073362547591505735	0.013774480454118707	0.06305255877904171	0.3165519928890035	1.1920398324589204e-06	
200	2	70	4	4.003814879241912	3.857395728157914	3.511370076861327	-5.592662365769738	0.0176869496168626	0.04052020501459492	0.5270649019240007	0.21715496929847752	4.978913405595833e-06	
100	3	50	4	4.264534363716675	3.9368978096655267	3.582626098229399	-6.159096316321708	0.020373536524752656	0.05197201237782197	0.3324162289162972	0.8084344508878758	8.081462396657421e-06	
200	3	50	4	4.0175908269384495	3.637817908643365	3.9088001891320996	-5.080193793432213	0.00752621601853722	0.05151973056345677	0.13417059077686583	0.6223263565158995	1.5710348928500108e-05	
10	2	50	3	4.215820186807934	4.9768009859880955	1.630227302957834	-4.197385848140241	0.38443679948505355	0.16501611411659936	0.357729477310451	0.7682394374672915	0.001288189182887879	
10	3	10	5	4.187799218256028	4.292931341795911	4.006486811538775	-5.847637084746872	0.09657822548831893	0.004916448856595792	0.0696267895949149	0.7979030837988182	5.802985764899527e-06	
100	4	10	1	3.449399990058687	3.753153485314977	3.796889357998558	-4.187285595189146	0.09170288370264773	0.1159982571259319	0.375233436629	0.18241328928943448	3.470318061430696e-05	
200	4	90	2	3.9630736042844337	3.92379589764245	3.8623728848691092	-4.587518704734872	0.08342988543808659	0.03353008486493912	0.3269026082360191	0.30593691036191345	4.0544598313302585e-05	
200	4	30	5	3.725363739420504	3.6175449065549157	4.022442790779814	-4.828074120090401	0.12886886313667928	0.018720527787439305	0.17827693146245452	0.6791734569146963	1.3244784071997733e-05	
100	1	30	3	3.894462410351516	3.898609122370188	4.10291971198867	-5.636429221390669	0.05949337852821049	0.019946768594639227	0.30298123789667963	0.6163090955115768	5.871795912144772e-05	
10	2	10	1	4.726568477100769	4.132222926582929	4.189256997139882	-5.86552351922117	0.08811689721953603	0.19986692559151265	0.2987330735226987	1.0543966917302032	0.0002441751494969607	
10	4	90	1	5.021073282233803	4.3068624399221855	2.6840669829827983	-4.528358133236792	0.036072298332573395	0.17622186845028392	0.9267544805728074	1.4040884413645773	0.0009541467141698709	
200	3	30	3	3.892359763354519	3.4376977659969277	3.1057774295179335	-5.26670845043561	0.01853422559417378	0.018036912539052697	0.36478017356921544	0.5863546750481294	6.863277722286777e-06	
10	1	30	2	4.813451970533121	4.982770681356228	4.753940748506029	-6.307477250788498	0.012676789984472086	0.012351828124009298	0.022089329114742418	0.2862481500142055	2.3208111213234284e-07	
10	4	0	1	5.12958872604492	3.79117869050663	1.7983689342002669	-4.5177774255379894	0.037577142743736455	0.4334903341762831	0.6734056730131932	1.1518863214680732	0.000203224942304551	
100	4	30	4	3.943868644867235	3.623108148145625	4.03626149055117	-5.835581067602039	0.03401734030094238	0.05207652970574453	0.23091993895909602	0.9778562710049996	7.700360049671666e-05	
10	5	30	4	4.9644655796935675	4.54087811368326	2.8447962846695543	-4.61745660862424	0.07319994889945391	0.2730456254045184	0.607882245752703	1.106805834717871	0.0007431213422632022	
100	4	10	5	3.729383380634595	3.6152509983124625	3.7091577739376014	-5.251896223608057	0.037325940588752896	0.028331224179678576	0.10114154533116988	0.17955533409837204	5.219440286430599e-06	
200	3	50	3	4.184915125712059	3.5418707255764708	3.2376343295697376	-6.0278204668939654	0.010497013420594328	0.057398207249682864	0.10705127997550468	0.6158235403259984	2.9278923010357654e-06	
500	1	50	3	3.2121253115514383	3.5021452145865193	3.1509580412977325	-4.890002800107997	0.007785424967215898	0.02417696108999351	0.20755781088716863	0.9595699365387459	4.999930791022461e-06	
10	2	10	5	4.506651257389502	4.419624454343089	4.484150025555122	-5.508969493338876	0.028860450911213524	0.08667324675902635	0.0641006291637697	0.48666340457716845	1.9876300690444245e-05	
500	2	70	3	3.2435006432692464	3.4497943763515004	3.1515982637362647	-5.468829501135575	0.1317035141007716	0.04658288861182941	0.5741271902618964	3.7316614708235742	0.0008361064246544274	
10	4	10	1	4.184999700909926	4.344747601108476	3.9938289216737894	-4.962175318705812	0.06147849141935782	0.015460820202267515	0.10902066026869336	0.7694845644253127	6.700228973349286e-06	
10	3	30	4	4.76559534432113	4.462519579744069	2.3015647917921593	-5.531784526497007	0.8533790489844865	0.2592287905852283	0.24032300878040969	0.25620512525095845	7.511848111372157e-05	
500	2	90	5	3.907648249694772	3.4242157356797485	3.72936942292864	-5.459574392329872	0.04772537623143603	0.08707105521851578	1.9511095643339036	2.079858456595186	9.12668179321186e-05	
10	5	70	3	4.7885497161047885	4.292623024760875	2.2525307002771062	-5.342501295598144	0.5989945811279414	0.6679790389368393	1.6587395701667353	1.3312320160044642	0.0214387522610801	
500	5	90	3	3.4533200193976	3.4652263383954893	3.515751519129377	-3.992119332283089	0.09220105185294669	0.03684247577020763	0.17601181365431373	1.9542740411682293	8.234446060081066e-05	
500	1	90	5	3.5415773284878322	3.87418203897104	3.753042216346321	-4.790063697116729	0.0932246670345591	0.019983319872039544	0.9922411247633359	0.8250046068263521	5.438582765136685e-05	
50	4	50	4	4.3506974939453675	4.367427304446935	3.7992337645595575	-5.955949245280549	0.024611372063165955	0.06722519767436454	0.31298102617179857	0.5003911706438869	7.271177533679776e-05	
100	5	90	1	4.4069536598127685	4.035553809077807	3.5953044976458775	-5.544797002067562	0.0074166786280026485	0.04109247201466605	0.452107800602024	0.2122895177157086	3.7140017829643998e-06	
500	2	90	3	3.83608953826039	3.589356907405329	3.4220728749706635	-4.863646309678434	0.03532776785044237	0.0634629511082627	0.759105914085153	0.2982610301982321	0.00012681018593469184	
500	4	70	1	3.600142619124386	3.711157076543304	3.505132316498616	-5.063986403466238	0.060612856575659416	0.021534541068917435	0.3952050511193894	0.34301023317339674	4.576477013940499e-06	
10	3	70	3	4.848692873416145	4.401623061672046	2.217463806237748	-4.338201265623308	0.03146149443717003	0.06842487588072568	0.1470715305742914	0.8972773948586678	3.3312834349149634e-05	
50	4	0	1	4.963430597665428	4.759149136988402	2.373023352406029	-5.489915578284872	0.041242133875086046	0.09994842207954818	0.6947099442114468	0.9657143451608441	0.00018868343565136783	
200	4	70	3	4.095686090695533	3.7801045897842434	3.8301080479565184	-4.636826543147683	0.04686101326638587	0.09219367561504767	0.8214793899804523	0.5417098827755479	8.744299545441112e-05	
100	1	70	4	4.085159319941206	4.091124288173337	3.484379880508147	-5.707116840331282	0.14772129038368512	0.08235799685668767	0.3557780434927117	0.7139312922601804	0.000505899174199681	
200	5	10	2	3.219233556372224	3.485975365267418	3.736367266561645	-5.7601771775095045	0.027583278657223237	0.05400473514348048	0.1984460277325587	0.8511296626964849	1.612628565736248e-05	
500	2	30	5	3.357576819634805	3.60371732125577	3.50522678868265	-5.483224882771027	0.022168360202899532	0.04755441121304494	0.5610738513275646	0.5048023089878306	1.660164030712709e-05	
200	4	10	5	3.1503392918789404	3.528472297963332	3.488198748502063	-5.5348528268093755	0.022528976415829943	0.014185188900846494	0.3234399585115049	0.6801231564371808	3.803827493184026e-06	
100	5	50	2	3.944023978293388	4.001486374323676	3.910059345412413	-4.369097596527538	0.06938344422791391	0.09672482866301686	0.2751483187470143	0.17613205397003495	0.00010534590380516327	
100	5	70	5	4.259283945756237	4.1639020383522	3.6929159370163234	-6.097358450479879	0.014224838578798327	0.04465541696773037	0.2850109746297263	0.13745563656566245	2.837648635391292e-06	
500	1	10	4	3.2613841677875	3.537696086151527	4.347598821651074	-4.2281631443764995	0.014177905293937651	0.03506618563263738	0.22202611375964873	0.41851605741777625	2.2498093816801082e-05	
50	3	90	4	4.700063431138548	4.74373758322685	3.7236724060084825	-6.237309672959571	0.0096520617826076	0.005200358476839597	0.16492084939519128	0.8536866498852456	8.786717159704621e-07	
200	2	50	1	3.92525926011499	3.522067049521632	3.6370512485016544	-4.764766544518103	0.02433399666305644	0.04990460651128601	0.626129443486744	1.3596022645255774	7.727414636788224e-05	
200	5	50	4	3.484235248446391	4.013063788111934	3.214704966411696	-5.455373100888607	0.041817434131067054	0.014928839424297985	0.5581281190051772	0.6979521162593655	2.533427670041035e-05	
10	2	30	1	4.784820514125117	4.7707991664066824	2.270076434040222	-4.1106271789359585	0.29110566310651603	0.25172142301825684	0.5919874007414191	1.0529075325368977	0.00781513196752664	
100	5	30	4	3.857838816822035	3.847586635256228	3.5055917950638023	-5.119009743316106	0.05937805319259064	0.0647007946548135	0.17661149324183592	0.557593670243866	0.00029005925351316435	
50	5	30	1	4.187294811192085	3.9979934116574407	3.65987692576636	-5.8475805187543894	0.08216000534239565	0.010369347661290263	0.2743021600118255	0.206622652664022	2.2214142889123115e-05	
200	2	30	2	3.604658361537691	3.6329571852068128	3.7966666387236514	-5.616316025827358	0.04018326662137978	0.04200832219076652	0.12756360409040443	0.7928235706017418	2.6829616537431467e-05	
10	3	70	2	4.803522789865393	4.530284168582367	1.9597317637098572	-5.645115644388692	0.07392767371693308	0.09402238927068565	0.08780849959460776	0.918266325170507	2.7532632673550204e-05	
100	4	90	1	4.084565148193339	4.414376978967945	4.022520202766155	-5.237679149394708	0.0058151700226671465	0.0752317120378227	0.797152926052896	0.6270128376672823	3.9727057870863355e-05	
100	5	50	1	4.18036269521486	4.150885658554654	4.184776966312163	-6.378293135468198	0.02323848404115671	0.019501080123481694	0.08809110719752944	0.7753655623789673	2.052230564394263e-05	
500	2	30	1	3.3452784691718565	3.5763672538131037	3.4471721455357027	-5.159179265052094	0.012657509215484052	0.01167532436263634	0.25579383000239075	0.5633954713733387	3.4416368517372818e-06	
50	1	70	4	4.637413993485127	4.678797512031779	4.805594362670904	-4.844026367017993	0.0007198333322088486	0.004029872403114356	0.1399475671299207	0.2643337523383722	3.646631022438519e-08	
10	3	10	1	4.113792305330964	4.515878297414536	3.823205436897905	-6.047939651360799	0.10061736976115906	0.013446764472253878	0.23228265881007093	0.18873261110697606	5.402294374733245e-06	
500	5	10	2	3.2459660126125374	3.1470532390869463	3.5268099948492213	-5.046463719502481	0.020874918398117386	0.015649849162999923	0.6193731550813315	0.7415810355890815	5.148577611373256e-05	
500	3	50	5	3.2363764346226294	3.5804282845561795	3.215060460668238	-5.123724862325057	0.012374724013086945	0.04594343654724184	0.18208305298248076	0.6174153340588179	2.109778434859972e-05	
200	3	0	1	4.717716554924267	5.170974435093761	2.183577668343553	-5.002864494038384	0.05552528905533549	0.3439173095484474	1.0720434943222812	0.05757771269537048	0.0001866259391760838	
50	1	90	2	4.7131365714850615	4.618907423199201	4.2569793886314775	-6.320047590478564	0.0017070975751412008	0.0016387085284869825	0.41215305032703525	0.31325501228904223	4.8074140552665165e-08	
100	5	90	5	4.123945866347154	4.277296232861296	3.820346115847367	-4.605685491469865	0.03833635628831509	0.07461094442706638	0.14166643763102318	0.23205367594080972	8.567474287809523e-06	
200	5	0	1	4.603915618958137	5.020728697970367	2.4345240160941652	-4.984060917768936	0.1752529010299583	0.014766578809963921	0.7027258382192411	0.9448880582733823	0.00042649894905547286	
10	3	30	5	4.498110539933455	4.737564125804873	3.001538946886511	-5.527187456476785	0.07550869415371575	0.07275631553965438	0.6523990528992064	3.0794358853661823	0.0008289029546104629	
200	3	70	1	4.2162108523369	3.6724362550763563	3.29112963152018	-5.897993778820454	0.027187059208050493	0.18456639834690197	0.36070028582376945	0.5315830008492922	4.6300220888326904e-05	
500	3	70	5	3.4820824274256643	3.638757977477565	4.093397817715965	-4.970223662166189	0.03867875162549352	0.014560812053675494	0.6742895353097809	0.38298536955456886	5.987085340420241e-05	
10	3	90	5	4.6149359945919	4.587666294329937	1.5707049743372563	-4.211871247236168	0.22002650380923444	0.08465334262858047	0.4516943250596211	1.4236937926576188	0.0017448774147010605	
10	2	30	3	5.154419902656375	4.397447996702144	2.0725275438331074	-4.402393560594798	0.16075067215149075	0.25474614242822685	0.6792943854049651	1.414056446418153	0.000918903858523425	
200	2	90	5	4.154000396896158	3.7490249016730735	3.3131617235970534	-5.388267601599743	0.012878884835081497	0.038427648380485305	0.24112702726818547	0.6189298189158199	2.2770050999426037e-05	
200	4	70	2	4.081763650480522	3.6112449403237648	4.15911344801239	-4.519659853057253	0.026938730854355927	0.1835753557434472	0.15484518305052278	0.17925265972494106	7.984881914103625e-06	
100	5	90	3	4.3581292005648	4.081396702286516	3.4331198547548025	-5.052854732582881	0.11148363501959437	0.1685542346352822	0.7194994629316528	1.2805329064102629	0.0010169632321820994	
50	5	90	2	4.729879031410989	4.714146768544688	3.31634136293155	-5.076282590019956	0.01741584861265071	0.004399751564742537	0.1359430164090212	0.9391935065418426	2.0901055167443313e-06	
10	5	50	5	4.823785613937219	4.600731471725164	2.337281122549786	-5.2825953494824835	0.20028913069813378	0.28008097536805154	0.5474012171351891	1.935801796593721	0.002928670900765726	
10	4	10	5	4.298452336951159	4.357246550167674	4.189001350301881	-5.891925470641169	0.058840191350878264	0.08136282900085595	0.17640581760357743	0.17996411656758596	5.097370487661763e-05	
500	2	10	1	3.226775566463746	3.3799095604822345	3.754522917047214	-5.290640506128491	0.00840266601359498	0.07339894114400942	0.08829827340460282	0.2608136954912301	2.0775521040786166e-06	
200	3	30	5	3.7803046630491792	3.570755482025895	3.8019411896950066	-5.502974589177045	0.01948311615377387	0.05898276242176951	0.2564620251710335	0.24135228768812064	4.115713725516119e-06	
200	4	50	3	3.9149437440623944	3.4836925014269378	3.4331034696534726	-4.80812527982904	0.0933698125449547	0.09765053777733776	0.5711662590338757	0.7678060022031031	2.0786807950474435e-05	
10	3	90	3	4.79195884752174	4.460102452255166	2.3412011284677714	-5.496318398140389	0.06626560094936257	0.10540673034178245	0.5429284571672691	0.7515723612885585	0.0009159798013654199	
10	1	90	5	4.7622163875572445	4.961013734349018	4.664582266052693	-5.944746061214223	0.04283478522318877	0.01868651154041522	0.050438352907570524	0.2089108567747067	8.648831531591318e-07	
500	3	90	2	3.4409687775314413	3.820406333338153	2.6775501350401805	-4.751753450770564	0.03365840518194058	0.08038320344968708	0.24675085927253695	0.41490809334333134	4.277207340533532e-06	
500	1	10	1	3.1742063414904984	3.11994440663893	3.6645344688537187	-5.1193966950137755	0.02641253799169629	0.02417642283997077	0.0690887996535019	0.3317317647002456	2.727867072303788e-07	
200	4	30	3	3.604059484315032	3.38092395892154	2.9663895202301154	-5.885027615577647	0.03419075841829217	0.022685551341720425	0.3061905887704028	1.7572686712849972	0.00013609291257477962	
100	5	0	1	4.973296341459728	4.659468806571785	3.004983451433458	-5.098347361870875	0.019302869779102005	0.08738141936592865	0.4596332426336948	1.1088699003951243	0.00023582635589903896	
10	3	50	5	4.564022243496667	4.835837714733057	2.522988877274933	-4.255918614790554	0.23554623117971785	0.117824200583087	0.385807595155657	0.8898296029594641	0.00012697311553008014	
200	2	30	1	3.53132806565066	3.7449100656796452	3.4360096491270267	-5.386983451883921	0.07421247347064226	0.05071036679775464	0.2198361477075545	0.9517173577955861	9.225345437647281e-05	
500	3	70	1	3.1894186353500347	3.556097579841816	3.7790928241709296	-4.681977175468104	0.05037634014307313	0.044636833893712424	0.7396416912817426	0.49743389975563324	0.00014066912195968636	
10	4	70	1	4.99273934742103	4.491058583475309	1.7295786239484188	-3.774675544403225	0.025464788563305273	0.06262331853390807	0.17377791181444033	0.5448105476102635	1.781237416927817e-05	
200	5	70	1	3.9720084833331266	4.018596856940397	3.5075199932353285	-5.89492911720997	0.10642377564279368	0.031076923934439244	0.31046180400238316	0.8391155410284503	6.4422108389836065e-06	
500	3	90	1	3.53166486936601	3.854063903113457	3.3275957515838175	-4.574168384955046	0.08310498102210537	0.044485924559723215	0.31284884186223705	0.21137630044593977	2.9072219023795244e-05	
500	3	30	5	3.2564395920917955	3.1566517204525297	3.0480087361929105	-6.586985906244829	0.010045469211081027	0.013004549411818212	0.08557628356707345	0.3668765614379521	3.0827257827248915e-07	
50	1	30	2	4.25298457178116	3.9657549680288358	3.91452168209382	-5.258392055628929	0.035552222437890996	0.04858311436273805	0.34757299945314113	1.3379797242736027	0.0004370884666858179	
200	4	90	3	4.20031335991262	3.606328818204345	3.327486089634068	-5.293254669756719	0.01625155888069993	0.1584959139935717	0.33584454929655644	0.25994963375634683	2.9861083126055577e-05	
