demography_model 	sample_size_per_pop 	msprime_seed 	poolseq_depth 	poolseq_seed 	ploidy 	max_log_likelihoodtheta 	n_1_est 	n_2_est 	t_split_est 	mig_rate_est 	
two_pop_split	10	1	100	3	2	-2311.2357807999233	2266.6943811960064	91321.03666021216	167972.26859504436	2169.7391783279463	1.559354012424437e-06	
two_pop_split	10	1	10	1	2	-4576.796346887684	1588.9776517017663	96085.9785977186	114183.77410073762	25002.095315373637	1.2909096199674323e-07	
two_pop_split	10	1	100	2	2	-2318.112742136958	2290.673738818982	54827.75143296162	110739.1143325736	1496.6038110164757	2.505602879534253e-06	
two_pop_split	10	1	100	1	2	-2288.960391349837	2301.2028133626054	34973.6023954561	72107.85974709617	864.7555177761814	1.4271992082688893e-06	
two_pop_split	10	1	70	2	2	-2348.1893698609747	2224.783631564063	173776.4666055305	134068.61498665024	3302.0706204429407	1.979022999543857e-06	
two_pop_split	10	1	70	1	2	-6767.537056894054	1505.7009874077485	128453.53204273542	120268.53332900762	183610.3124832096	3.673293524864967e-06	
two_pop_split	10	1	10	3	2	-4478.711217366145	1788.5863740267407	78253.29674398465	61451.88133236592	25261.412616091606	3.2236725404627193e-06	
two_pop_split	10	1	10	2	2	-4271.1502236163	1882.049363380752	34554.81364923818	68507.80822653211	10216.495896344122	3.00750439966551e-06	
two_pop_split	10	1	40	3	2	-2391.3676857946257	2213.4346780402916	73889.347249308	92676.22731511755	3721.4968580633545	1.4994140682622e-07	
two_pop_split	10	2	100	1	2	-2292.6890712338254	2280.7505150782977	70910.98839749074	59780.394240491114	941.7320687508177	7.850186906848399e-07	
two_pop_split	10	2	100	2	2	-7431.731291381767	1472.2014748586728	112874.60522710756	120230.5568721051	240658.54453337027	3.6324332779606388e-06	
two_pop_split	10	1	40	2	2	-2378.6658719940037	2220.646524423463	48338.30104506795	81867.08191698493	3032.547105755493	1.3064590547094551e-06	
two_pop_split	10	1	40	1	2	-2390.9254708801845	2220.9851874624214	70581.1680081093	74391.90574689941	4257.884620204406	1.1887478263647703e-06	
two_pop_split	10	1	70	3	2	-2338.8824426487827	2314.7795376046392	22119.558674889304	24593.948877809682	608.2807084402046	1.9769007036917373e-06	
two_pop_split	10	2	10	2	2	-4006.276204911322	2060.9830555504623	32198.63160568871	30729.196610503197	11752.319580412746	5.555039294312596e-07	
two_pop_split	10	2	10	1	2	-4555.997271153447	1646.2481524106693	90610.77294251989	90686.04738269086	24254.188631167675	2.901266334878474e-06	
two_pop_split	10	2	40	2	2	-2375.1333242492683	2224.0477175300803	66783.83226609853	57203.23686354509	3129.0865238886877	2.079061802782924e-06	
two_pop_split	10	2	10	3	2	-4520.827774033288	1687.9372007327418	63124.2179642485	104916.82526057569	21881.267254439288	3.2805066282352906e-06	
two_pop_split	10	2	70	2	2	-2316.5219732526703	2283.8168343278976	36942.33102186559	42281.79483687349	849.6000862693716	2.3939968503303573e-06	
two_pop_split	10	2	100	3	2	-2290.952512841397	2266.859574887728	75826.24457156875	172669.5180715752	1097.676188154795	6.257183129398753e-07	
two_pop_split	10	2	70	3	2	-2316.4161228850226	2267.50260959622	74344.17673313584	66066.8490913034	1530.3880379044704	7.204213914650962e-07	
two_pop_split	10	2	40	1	2	-2342.989794806229	2264.7489647086927	25621.92516554771	31448.832378379084	1453.87267383051	2.408931342673605e-06	
two_pop_split	10	2	70	1	2	-2294.6048508863305	2269.607691917858	48091.66675907525	99459.2427498137	1265.1306128980798	1.5222147200909574e-06	
two_pop_split	10	3	100	1	2	-8489.272109663274	1725.441606450587	89806.23426907856	136084.54460521974	248482.40431726587	3.3011760419847534e-06	
two_pop_split	10	3	100	3	2	-7305.36856659675	2051.8002350617385	135309.92255643883	106954.36759344272	73100.6186349508	2.711005782932332e-06	
two_pop_split	10	3	70	1	2	-2335.6910468634724	2324.943683629724	106824.45543571445	63074.193366027124	1407.7816537530432	2.413930139464117e-06	
two_pop_split	10	3	10	1	2	-6064.047217557521	1438.9966580460143	79321.89980918038	95536.63117394573	144107.37244811136	3.247252330093585e-06	
two_pop_split	10	3	10	2	2	-4221.932561548606	1930.7663289566642	48050.970387306246	56042.93931781412	13852.842772007702	1.661924317341912e-06	
two_pop_split	10	3	40	3	2	-2406.550101062521	2271.1835358105177	79537.46864684626	52301.3962753041	2674.000560866103	2.4410453335482713e-06	
two_pop_split	10	3	100	2	2	-2346.0523855484494	2317.45995978874	192077.34516436473	181229.4255595525	885.9150477299031	1.2736696924688934e-06	
two_pop_split	10	3	10	3	2	-4121.010715000815	2096.278090827561	11907.039724910393	23873.518397140077	3756.6008686702658	2.7432353728721397e-06	
two_pop_split	10	3	40	1	2	-2392.2272692388574	2266.1891864178333	88846.35020723139	69141.63009052644	3603.780192863418	2.552465485158472e-06	
two_pop_split	10	3	70	2	2	-8077.377350599222	1721.2776768660033	128177.80688441993	93133.20392792359	256002.21472907043	3.3340351502642993e-06	
two_pop_split	10	3	70	3	2	-2383.2754129543173	2291.941510145516	158862.86886760461	174072.76826456364	1940.6262357875066	2.021161572070184e-06	
two_pop_split	10	3	40	2	2	-2565.0026357387997	2301.655126319652	20779.306138544813	167147.0258814827	2123.459352398293	1.689377714236818e-06	
two_pop_split	10	2	40	3	2	-2338.486634323009	2227.6981836547548	60516.1362051384	64509.23286396718	3379.663690510263	2.022904582337373e-06	
two_pop_split	50	2	10	1	2	-17018.76068107358	904.9855189400597	53935.30289221802	70209.28714396204	152653.53149022095	6.1670308000756006e-06	
two_pop_split	50	2	100	1	2	-5700.304360601909	2015.850377417351	122741.16205969168	107187.60196141875	2338.1237396193555	1.6931954223950243e-06	
two_pop_split	50	1	10	1	2	-14277.261292318582	1753.5577129513	33189.481260159824	35455.125699487304	14432.467376848164	8.172215818560283e-09	
two_pop_split	50	1	100	2	2	-5825.519832870071	2180.3910228085438	100635.2349293504	35847.00550828089	994.9992515761924	1.8160415557058115e-06	
two_pop_split	50	2	10	3	2	-15839.684884002374	1167.7688613839773	79226.89869052205	56983.7143824304	20644.256347925788	3.05779178976965e-06	
two_pop_split	50	1	10	3	2	-14925.557156928813	1550.682238850313	49196.39936876763	43072.79756916312	18020.64974642514	1.4353091583807265e-06	
two_pop_split	50	2	100	3	2	-5505.867719400429	2132.708266055912	55935.995127299735	40399.050745872766	813.9863490946504	4.003743949416657e-07	
two_pop_split	50	3	70	2	2	-6582.298084335198	1920.9136949774681	134991.1847622201	140119.7667417492	4038.5935689530015	2.80793443008325e-06	
two_pop_split	50	2	70	3	2	-6042.0634070619935	2047.8960785497447	55786.085499812085	64799.69083297393	2251.405511513683	2.2865320973983116e-06	
two_pop_split	50	1	70	1	2	-6181.91527378101	2205.712924560329	35604.85930116169	36331.02157872814	1512.6279437433461	1.2596108811819507e-06	
two_pop_split	50	3	40	3	2	-8793.687054036107	2076.91402453093	38939.61346512783	33329.39647625348	2246.445862508053	3.794272992375521e-07	
two_pop_split	50	3	10	2	2	-15819.016146147542	1319.4933591888114	58234.54990002486	66396.57260233362	18355.81609758083	2.071502326177008e-06	
two_pop_split	50	1	10	2	2	-14268.043404905577	1833.9052380910346	11405.35106452195	29415.433911132895	4907.99624934809	3.0734382349336244e-06	
two_pop_split	50	3	10	1	2	-15100.143512307153	1775.6873264051417	39130.26926454101	38454.19886784557	22153.43509393687	5.328754304781622e-07	
two_pop_split	50	3	100	3	2	-18163.392432512188	1354.0084332665288	110600.65829886889	102096.36742644831	187712.1426811995	3.97548117638305e-06	
two_pop_split	50	1	40	3	2	-12607.504850927266	1585.5595095173544	135053.99648956562	84868.02443873987	20958.158390306857	2.564378871791428e-06	
two_pop_split	50	3	100	1	2	-5626.586433761563	2187.0363675390167	100700.52294670446	53110.64978462148	1610.9731248018732	5.65237898972705e-07	
two_pop_split	50	1	70	2	2	-6433.693396490839	2029.0748418883945	107290.95481652112	74609.54496176874	2926.0198557959993	2.828122280779368e-06	
two_pop_split	50	2	10	2	2	-17204.018567651656	1086.4530589922572	58115.01814623298	57472.024869992834	160478.690074489	5.274020892206542e-06	
two_pop_split	50	2	40	1	2	-9037.65250753698	1820.7669282568845	82718.67520982087	63193.70840577739	4591.8211221706815	3.038164789669417e-06	
two_pop_split	50	1	100	1	2	-5885.914801004607	2109.144902483152	157291.63084042657	67032.8046590192	2152.781960390129	2.641249339054823e-06	
two_pop_split	50	1	70	3	2	-6222.229530221861	2073.861918604622	74196.00674792174	72540.3865732773	2398.542305664077	2.3656756338160062e-06	
two_pop_split	50	2	40	2	2	-8726.560749847855	1909.604484821524	55022.14886155785	53282.8551989263	3525.7722830320363	1.8934768577337886e-06	
two_pop_split	50	1	40	2	2	-9560.976606546796	1865.582244947438	55124.34645755812	120023.02407732361	4666.689904023385	3.0269325430570004e-06	
two_pop_split	50	3	70	1	2	-6337.638533236164	2064.0949336596595	73689.42376504521	80636.48085740054	2672.0202571937166	4.3137891649944046e-07	
two_pop_split	50	3	40	2	2	-9757.102544754774	1772.2952893126076	73050.37642008736	148782.3295746472	6104.061748295169	3.2433038016086343e-06	
two_pop_split	50	2	70	1	2	-6105.02996395151	1987.2085218689463	87554.81299798706	62520.481813504295	2566.9407032959657	2.178353743563251e-06	
two_pop_split	50	3	70	3	2	-6452.26622792121	1975.9901942165675	105285.88928722999	129340.61371401839	3512.2125504269557	2.0290189873149827e-06	
two_pop_split	50	3	100	2	2	-5743.2927880351435	2188.2464734506657	52857.67254219925	80345.38440823212	1529.6433942791064	1.5806962459196173e-06	
two_pop_split	50	3	40	1	2	-9151.0218215614	1991.3712773182988	77677.4953741845	34834.71424731991	3067.6577897988213	2.1745436659018855e-06	
two_pop_split	50	2	40	3	2	-8672.203947749418	2002.8146362883697	51058.83148409097	24972.785403445643	2411.3739194086165	2.8861626303948073e-06	
two_pop_split	50	3	10	3	2	-14957.578097373535	1668.998519944606	43418.649365028614	41817.30413421314	22279.31406322076	9.7862306451578e-07	
two_pop_split	50	2	70	2	2	-6285.537600931101	1907.1705740187247	115590.07464590539	105303.97801566996	3088.4226117202466	2.259932222830107e-06	
two_pop_split	50	2	100	2	2	-5500.394050082752	2125.9243419355007	57354.56868069562	36716.13313014816	807.3222050723433	1.599740087519213e-06	
two_pop_split	50	1	40	1	2	-8745.666083420629	2104.241937844912	28962.016687997388	18361.064877879297	1383.0074058065604	1.6887895884842752e-06	
two_pop_split	100	1	10	1	2	-21820.890110325454	2239.9663746032	4282.5917075459165	9579.30485699698	3354.131780186749	1.7315917279439551e-06	
two_pop_split	100	1	70	2	2	-26888.00086151123	1190.4310023520438	98954.31443895311	83349.6905133698	172606.249507955	4.714368773416112e-06	
two_pop_split	100	1	100	3	2	-14751.303372495277	1950.0036101717812	140133.17837443645	60020.076890725206	1875.4249588083364	6.482746225042713e-08	
two_pop_split	50	1	100	3	2	-5844.956195871296	2098.268887770172	110981.05137079123	109261.02226702301	2021.1124338414486	2.583969725816191e-06	
two_pop_split	100	1	100	2	2	-14432.535745211888	2007.1047943311257	76574.9533966521	71730.10036629465	2020.122125765117	4.2090635902748125e-07	
two_pop_split	100	1	10	3	2	-24489.364810938572	1211.0049044336597	46506.56674793804	60024.537557492484	16138.197378327804	4.763725382783878e-06	
two_pop_split	100	1	70	3	2	-29391.291738241747	1299.8331955200902	68243.65611875527	110164.34270435762	168208.33491219915	3.7198255511581597e-06	
two_pop_split	100	1	40	1	2	-16623.729966894833	1816.5172838384156	41486.11711582274	73933.29614520015	3998.246381180034	2.259395754666486e-06	
two_pop_split	100	3	100	1	2	-14938.855094285951	1820.9314501888496	146194.32592452207	124351.20890668822	2844.5446493528516	1.6757389246017469e-06	
two_pop_split	100	1	10	2	2	-21915.668454169303	1763.906865352425	19079.80712146017	30132.776164432657	9173.723588288067	1.0713784840159004e-06	
two_pop_split	100	1	100	1	2	-30599.42116227158	1718.1112189878172	90856.69494139776	88998.27671394733	100702.61319217544	3.367539537382539e-06	
two_pop_split	100	3	100	3	2	-14219.53925929196	2046.358882076989	75066.5524656399	37703.82555041644	1176.5104209854487	1.4378833122298575e-06	
two_pop_split	100	2	10	2	2	-24480.481509199468	1186.3194694866722	54038.189458861285	53709.21058365683	17102.92619859315	3.3466172700032963e-06	
two_pop_split	100	3	40	1	2	-16284.4929253071	1958.584498912085	41162.05746561919	38696.46392707171	3607.470550917983	1.253144185379905e-06	
two_pop_split	100	1	70	1	2	-15465.082275478844	1812.2047945329964	97092.64784375492	86574.12944240513	3239.475940210214	3.1388281524871278e-06	
two_pop_split	100	2	10	1	2	-24228.771741912507	1412.319800112206	24531.537132999172	63834.67810006214	15433.321438791665	3.9694181875998176e-06	
two_pop_split	100	2	40	1	2	-17051.048384452468	1732.5071914248779	83672.47991238754	54675.48231656792	5171.819543968266	3.243402062962258e-06	
two_pop_split	100	3	10	2	2	-22244.436462033762	1770.3427205748853	28069.30177712287	9733.880689467345	4916.652919593647	2.30583237262259e-06	
two_pop_split	100	3	100	2	2	-14929.113585866	1850.05042119448	115609.95042934356	132697.22176001704	2594.2129609840963	2.4748999276271577e-06	
two_pop_split	100	1	40	3	2	-16774.887888658628	1776.970455354968	63993.88493917085	62812.01826881801	4367.442296437944	1.8271841431878455e-06	
two_pop_split	100	2	100	1	2	-29665.802236120395	1390.5707663098078	88396.80883408937	93309.04745245694	199558.56746782456	4.164203607019903e-06	
two_pop_split	100	2	10	3	2	-23183.69059754385	1569.9041188112938	40031.84568445667	33791.23897471575	18771.645666304692	7.264896897607673e-07	
two_pop_split	100	3	10	3	2	-22487.090137337927	1701.7867601315593	29235.80225713382	9582.382106351057	4243.22117377311	3.3729362890879425e-06	
two_pop_split	100	2	100	3	2	-14192.009048425542	2137.8958569048796	48683.250355279604	20829.0507361018	853.8317490521413	2.4925984171010766e-06	
two_pop_split	100	2	70	1	2	-29242.33845722264	1303.817940569544	111259.57622439612	84421.39851969648	71519.57955052302	2.5876886101550466e-06	
two_pop_split	100	2	70	2	2	-15155.132872546548	1904.0253089644177	58592.32408061659	87448.42864559007	3042.70407144661	3.0193504968781346e-06	
two_pop_split	100	1	40	2	2	-16521.875605638845	1884.8288387566972	21705.110147148396	56718.598254399745	1695.8906905540268	2.5659663949110665e-06	
two_pop_split	100	3	10	1	2	-21023.37356347807	1946.5311381790227	8627.350673943154	12441.01418802185	3164.7214997186866	4.0430419097141406e-07	
two_pop_split	100	2	40	3	2	-16733.66464639375	1817.276809738541	72643.07759983836	39153.45499437982	3764.663936962291	2.8405792945503e-06	
two_pop_split	100	3	40	3	2	-17329.794228426796	1649.3707903654156	93787.44499311663	71010.90034768192	5230.594385035292	2.095955069755617e-06	
two_pop_split	100	3	70	3	2	-14179.261991658479	2172.703561142254	11590.221239487748	19726.334629565546	636.7812946829465	2.2477534756752888e-06	
two_pop_split	100	3	40	2	2	-17974.746396850496	1529.9856660161824	98797.26407045941	100200.44628569644	5746.558916653164	3.2083285010358005e-06	
two_pop_split	100	3	70	1	2	-15620.389937906813	1787.3211503441185	93008.44958997813	107303.5978462547	3247.5236963109005	2.5374283610526748e-06	
two_pop_split	100	2	70	3	2	-29710.42929902357	1586.0643383250995	82719.10350099822	77279.28220139636	243941.59232911665	3.5275452607507994e-06	
two_pop_split	100	2	100	2	2	-14211.066695328624	2080.6593435190684	40935.61312199848	58510.911856801526	1378.9500350651847	1.924257187403016e-06	
two_pop_split	100	3	70	2	2	-15744.184589298868	1724.574733616607	98414.48843028797	131868.42839654774	3843.0161236774934	1.6636246677133168e-06	
two_pop_split	100	2	40	2	2	-17378.065453680352	1692.152877968332	107174.9972042058	47776.4714194841	4624.97670906709	3.111927842087876e-06	
two_pop_split	200	2	10	2	2	-36337.84254968326	988.2113581015576	44241.211576857	51267.408893950684	120251.15643111152	5.712268516972068e-06	
two_pop_split	200	2	40	2	2	-35570.936039440625	1118.320203496018	70354.49700106254	70967.28540627597	148550.73170800644	5.108905657060181e-06	
two_pop_split	200	1	70	1	2	-42070.0405919703	1073.8971052834427	76878.8264915158	85810.8816701638	182856.6662470445	3.042475759134454e-06	
two_pop_split	200	2	100	3	2	-40883.52535806895	1150.3457833717398	95385.0628298971	80939.01879886296	127569.68209828695	4.266345737935364e-06	
two_pop_split	200	3	40	1	2	-26236.517566816143	1614.6121880626647	47955.49151051394	75015.68880017733	4528.267989497886	2.8757295636366677e-06	
two_pop_split	200	1	100	2	2	-40801.379042711305	1089.5214234935095	93054.3107690727	83265.091244887	166220.92416100457	4.477075331354248e-06	
two_pop_split	200	3	100	3	2	-39656.31790201433	1321.5129433821724	84671.92788650424	97323.5639270557	67177.24768291826	4.267426248020043e-06	
two_pop_split	200	3	70	1	2	-38096.37340674975	1063.8450492627712	81093.99811354921	79614.0507155479	175274.0858038892	4.872721644199823e-06	
two_pop_split	200	3	10	2	2	-32781.662102792485	1440.7886652101683	46092.69384793513	12312.877848237422	5721.280866855139	3.922433277593742e-06	
two_pop_split	200	2	40	1	2	-26657.926174354165	1491.2758660273594	72903.38277175404	71931.10223756068	4729.212096273897	1.5899076626598188e-06	
two_pop_split	200	3	40	2	2	-27954.682825002237	1298.5821817288274	76717.67567387118	111257.88711154097	6394.131524030676	3.94336016832663e-06	
two_pop_split	200	2	10	1	2	-31740.769029378203	1772.5640941183358	26602.463105350304	7934.158435785108	5314.789624932846	3.1075433575142205e-06	
two_pop_split	200	1	10	3	2	-37806.68508909929	1047.4882976510694	31715.15486059166	67207.5263220718	69736.63820616642	5.001172016710751e-06	
two_pop_split	200	1	40	3	2	-26440.94500579754	1630.4961486831155	81869.11755153179	38813.68258037825	4311.286699175749	2.134526432121168e-06	
two_pop_split	200	2	70	3	2	-37105.86301672185	1135.7628810877545	89144.13494190066	87035.39166935282	62233.5151500899	4.946105424983555e-06	
two_pop_split	200	2	40	3	2	-25432.00232635131	1723.871274870479	50547.09560411193	48061.3444362585	4451.951467739738	4.175290034158169e-07	
two_pop_split	200	3	40	3	2	-25029.693564995407	1888.448103918097	39986.753689570374	19257.777432258783	1901.1068363989828	2.938897927641698e-06	
two_pop_split	200	3	100	1	2	-23581.331105966485	2035.6387538418082	42738.19615779169	20079.224130765644	644.1372974828082	4.92893711728537e-07	
two_pop_split	200	2	70	2	2	-23940.798308709407	1909.3155977507529	55649.76478861464	29199.93864342787	1738.1346075455472	2.1155072288635495e-06	
two_pop_split	200	3	70	2	2	-25842.183077267142	1541.4686073054777	90057.79767682523	108244.71694455452	3565.2676394332243	1.895091438345031e-06	
two_pop_split	200	3	10	1	2	-31843.576263818526	1690.1876528926493	28320.6751212263	24197.906056499436	13409.905097845603	2.9750858302129447e-06	
two_pop_split	200	1	10	1	2	-32884.82042933089	1370.1815466364435	50508.80953302675	21626.81816843467	10363.273235819704	7.259994144194005e-07	
two_pop_split	200	1	10	2	2	-32192.24104073096	1547.8916090532657	14529.586183717463	35723.233377027296	5967.539075287249	3.1998421939547085e-06	
two_pop_split	200	1	100	3	2	-40772.85009347375	1256.501335710985	95139.94196971387	71547.07399048709	214704.1285403257	4.587925196927065e-06	
two_pop_split	200	1	40	1	2	-28156.24096665005	1332.6873902801162	76238.56766957098	106802.30373752778	6498.549655457986	4.2782278478505455e-06	
two_pop_split	200	2	10	3	2	-35145.22774176903	2663.327221450726	29818.18554795733	39979.80027539893	409960.4174311808	1.817036918636252e-06	
two_pop_split	200	1	70	3	2	-24576.41734579274	1838.9141361210402	61120.615709959784	52057.959369538	2655.199233587747	3.083091818978353e-06	
two_pop_split	200	1	40	2	2	-25091.92131384278	1975.0819669464336	23735.02998000075	34930.629981737664	2753.9649858084417	2.2540133413808285e-06	
two_pop_split	200	3	10	3	2	-31967.70066815882	1508.7220460981655	38838.71815604247	14415.901169008297	6272.21731678102	2.6392827722984318e-06	
two_pop_split	200	1	70	2	2	-23544.7993108751	2121.07296439526	14984.378463232404	19765.826643218854	757.0165465914537	2.7104972815447005e-06	
two_pop_split	200	3	70	3	2	-25354.976283054264	1623.8193354441992	82175.38025615086	90615.53194322663	3499.7844548450644	2.0570826121630833e-06	
two_pop_split	200	2	70	1	2	-37398.95634490138	3775.566405220876	83750.25411797766	12998.116844433114	223389.4028092965	2.6809400810467236e-07	
two_pop_split	200	2	100	1	2	-23061.918168994805	2022.682135126327	40633.43078538478	27163.791943007964	950.5115075354195	1.1437853982105592e-06	
two_pop_split	200	3	100	2	2	-22965.353549759635	2238.2123366018122	11011.9029056742	10015.116258993934	395.1733128267889	1.918694703694021e-06	
two_pop_split	200	1	100	1	2	-38890.08807369462	2122.551125711419	121235.83597977323	16432.209932613394	323118.4146559591	2.5300475921450354e-08	
two_pop_split	200	2	100	2	2	-23176.92234373614	1996.3166546284992	30486.60340229032	46922.472842195	1070.9615238311376	1.0850809214444027e-06	
